  0.01146626075108842  0.08837785234494604  0.09342237135655881  0.09846689036817159
  0.10351140937978436  0.10927733013349129  0.11515094638997797  0.12102456264646466
  0.17043437324854430  0.19259764241845856  0.19839955715143925  0.20420147188441998
  0.21000338661740067  0.21580530135038145  0.22160721608336220  0.22740913081634295
  0.23321104554932368  0.23901296028230437  0.24481487501528507  0.26494578646779576
  0.33573014569479104  0.34039714674584198  0.34506414779689293  0.34973114884794382
  0.35439814989899476  0.35906515095004565  0.36373215200109654  0.36839915305214743
  0.37306615410319832  0.37773315515424916  0.38240015620530005  0.38706715725635094
  0.39173415830740183  0.39617025154439711  0.39893940543237261  0.40170855932034805
  0.40447771320832354  0.40724686709629904  0.41001602098427448  0.41278517487224997
  0.41555432876022541  0.41832348264820091  0.42109263653617635  0.42386179042415179
  0.42663094431212722  0.42940009820010266  0.43216925208807810  0.43493840597605354
  0.43770755986402904  0.44047671375200448  0.44324586763997992  0.44601502152795536
  0.44878417541593080  0.45155332930390624  0.45432248319188168  0.45709163707985712
  0.53588212779592226  0.58590512395446426  0.58978716543696119  0.59366920691945824
  0.59755124840195517  0.60143328988445210  0.60531533136694915  0.60919737284944608
  0.61307941433194302  0.61696145581443995  0.62084349729693689  0.62472553877943382
  0.62860758026193075  0.63248962174442769  0.63637166322692462  0.64025370470942156
  0.64413574619191849  0.72494413186981721  0.77441642359937435  0.77973578193937410
  0.78505514027937384  0.79037449861937359  0.79569385695937322  0.80101321529937297
  0.80633257363937261  0.81165193197937235  0.81697129031937199  0.82229064865937174
  0.82761000699937137  0.83292936533937112  0.95850894400549047  0.96353445639486135
  0.96855996878423234  0.97358548117360322  0.97861099356297410  0.98295643034252178
  0.98721732275689122  0.99147821517126078  0.99573910758563022  1.00000000000000000
  0.02358442147572834  0.02719704259369999  0.03080966371167164  0.03442228482964329
  0.03803490594761494  0.04164752706558658  0.04650755330368765  0.05137422347087877
  0.05624089363806989  0.06110756380526101  0.15001527766052805  0.23054752806526652
  0.23444448980662211  0.23834145154797773  0.24223841328933335  0.24613537503068894
  0.25003233677204456  0.25392929851340018  0.25782626025475580  0.26172322199611142
  0.26562018373746699  0.26951714547882261  0.27341410722017828  0.27731106896153390
  0.28120803070288958  0.28510499244424520  0.28900195418560087  0.29238967834732921
  0.29467618721277761  0.29696269607822601  0.29924920494367441  0.30153571380912281
  0.30382222267457121  0.30610873154001961  0.30839524040546806  0.31068174927091646
  0.31296825813636486  0.31525476700181326  0.31754127586726166  0.31982778473271006
  0.32211429359815846  0.32440080246360686  0.32668731132905526  0.32897382019450366
  0.33126032905995212  0.33354683792540052  0.33583334679084892  0.33811985565629737
  0.34040636452174577  0.34269287338719423  0.34497938225264263  0.34726589111809109
  0.34955239998353949  0.35183890884898794  0.35412541771443640  0.47454559112197042
  0.59713606555203091  0.66879963732134151  0.67372769063476623  0.67865574394819106
  0.68358379726161578  0.68807546548372922  0.69087817633235382  0.69368088718097842
  0.69648359802960302  0.69928630887822774  0.70208901972685234  0.70489173057547694
  0.70769444142410154  0.71049715227272614  0.71329986312135085  0.71610257396997545
  0.71890528481860017  0.72170799566722477  0.72451070651584948  0.72731341736447408
  0.73026047531646032  0.73348928366643129  0.73671809201640226  0.73994690036637334
  0.74317570871634431  0.74640451706631528  0.74963332541628624  0.85866867842773043
  0.93908983765709531  0.94354373906792655  0.94799764047875779  0.95245154188958903
  0.95690544330042027  0.96081231997667216  0.96446107099881628  0.96810982202096052
  0.97175857304310465  0.97540732406524877  0.97843599716822305  1.00000000000000000
  0.05786329110463462  0.05833500423156375  0.05880671735849287  0.05927843048542199
  0.05975014361235111  0.06022185673928023  0.06069356986620936  0.06116528299313848
  0.06163699612006760  0.06210870924699672  0.06294299169072601  0.06554133572653704
  0.06813967976234810  0.07073802379815913  0.07333636783397018  0.07593471186978124
  0.07853305590559229  0.08113139994140332  0.10083574842792618  0.20848288821150612
  0.21085757136213645  0.21323225451276678  0.21560693766339711  0.21798162081402747
  0.22035630396465780  0.22273098711528813  0.22510567026591846  0.22748035341654879
  0.22985503656717912  0.23222971971780945  0.23460440286843975  0.23697908601907006
  0.23935376916970039  0.24172845232033069  0.24410313547096099  0.24647781862159132
  0.24885250177222162  0.25122718492285195  0.25360186807348223  0.25597655122411256
  0.25835123437474289  0.26072591752537316  0.26310060067600349  0.26547528382663382
  0.26784996697726410  0.27022465012789443  0.35615009075402032  0.47087278192112125
  0.58559547308822224  0.60758509635932134  0.61166377910209679  0.61574246184487214
  0.61982114458764759  0.62389982733042293  0.62797851007319838  0.63205719281597372
  0.63613587555874918  0.64021455830152452  0.64429324104429997  0.64837192378707542
  0.65245060652985087  0.65652928927262633  0.66060797201540167  0.66468665475817712
  0.72569679506036100  0.84041948622746188  0.85696194040042184  0.86013777306493044
  0.86331360572943905  0.86648943839394765  0.86966527105845626  0.87284110372296486
  0.87601693638747347  0.87919276905198207  0.88236860171649067  0.88554443438099939
  0.88872026704550799  0.89189609971001660  0.89507193237452520  0.89770963698696316
  0.90017764070712036  0.90264564442727768  0.90511364814743489  0.90758165186759210
  0.91004965558774942  0.91251765930790663  0.91498566302806394  0.91764736810907754
  0.92072281227352160  0.92379825643796554  0.92687370060240948  0.92994914476685353
  0.93302458893129747  0.93610003309574152  0.96445161501566556  1.00000000000000000
  0.01979511578877763  0.25230063690244497  0.25460127380489000  0.25690191070733498
  0.25920254760978001  0.26150318451222498  0.26380382141467001  0.26610445831711499
  0.26840509521955996  0.27070573212200499  0.27345525652744324  0.27623113972181723
  0.27900702291619123  0.28178290611056528  0.28455878930493927  0.28733467249931327
  0.29011055569368727  0.29330395341080423  0.29702999068047276  0.30075602795014128
  0.30448206521980981  0.30820810248947839  0.31193413975914691  0.39870835168637231
  0.43957207153199868  0.44292298239701883  0.44627389326203898  0.44962480412705919
  0.45297571499207934  0.45632662585709949  0.45967753672211970  0.46302844758713990
  0.46637935845216011  0.46973026931718026  0.47308118018220047  0.47643209104722067
  0.47955541460296336  0.48166897162058453  0.48378252863820570  0.48589608565582693
  0.48800964267344810  0.49012319969106927  0.49223675670869044  0.49435031372631161
  0.49646387074393283  0.49857742776155400  0.50085531862066346  0.50347153351784713
  0.50608774841503079  0.50870396331221457  0.51132017820939824  0.51393639310658201
  0.51655260800376568  0.51916882290094934  0.52178503779813312  0.52440125269531679
  0.52701746759250057  0.52963368248968423  0.53224989738686801  0.53486611228405179
  0.53748232718123545  0.54009854207841923  0.58238691474739590  0.68403170502691990
  0.78567649530644379  0.83421694232394428  0.83588054034521164  0.83754413836647901
  0.83920773638774637  0.84087133440901363  0.84253493243028099  0.84419853045154836
  0.84586212847281572  0.84752572649408309  0.84918932451535045  0.85085292253661782
  0.85251652055788507  0.85417734328769868  0.85549772101401111  0.85681809874032366
  0.85813847646663621  0.85945885419294876  0.86077923191926131  0.86209960964557386
  0.86341998737188630  0.86474036509819885  0.86606074282451140  0.86738112055082395
  0.86870149827713650  0.87002187600344894  0.87134225372976148  0.87266263145607403
  0.87398300918238658  0.88832146326700845  0.88832146326701844  1.00000000000000000
   2.7837703148852902E-007  -1.0000000000000000     
 F F F F F F F F F F F F F F F F
  <DiscreteSampler_grid>
  grouped_processes
  1 # 1 for a reference and 2 for a running grid.
  10 # Attribute 'min_bin_probing_points' of the grid.
  1 # Attribute 'grid_mode' of the grid. 1=='default',2=='initialization'
  0.0000000000000000 # Attribute 'small_contrib_threshold' of the grid.
  0.5000000000000000 # Attribute 'damping_power' of the grid.
 # binID   n_entries weight   weight_sqr   abs_weight
    10   10   3.398853570008705E+008   1.170154362466900E+017   3.398853570008705E+008
  </DiscreteSampler_grid>
