  0.00000686810254460  0.00001263982469598  0.00001727123766365  0.00002169803540453
  0.00002603177586021  0.00003036026631379  0.00003482641814514  0.00003941835105184
  0.00004406078264879  0.00004875926342604  0.00005351944099955  0.00005834090544577
  0.00006320638655893  0.00006803217684549  0.00007296216679695  0.00007801073091440
  0.00008317910877891  0.00008850656613415  0.00009407649038389  0.00009986866174709
  0.00010558469104214  0.00011136362173902  0.00011715435573263  0.00012302589589390
  0.00012903207975268  0.00013516330707427  0.00014139887860030  0.00014764083460318
  0.00015400598791713  0.00016047884491434  0.00016710025528591  0.00017385202058898
  0.00018080472246900  0.00018774043327268  0.00019490641444005  0.00020234639859166
  0.00021003498972030  0.00021800479218443  0.00022628260120328  0.00023490276996212
  0.00024404298950052  0.00025362435259503  0.00026331413519405  0.00027330003617504
  0.00028342632588424  0.00029378871448288  0.00030493884175122  0.00031641085339229
  0.00032894809825486  0.00034191068273394  0.00035509802986895  0.00036897343975374
  0.00038357709956853  0.00039866715288994  0.00041508044309685  0.00043196393482194
  0.00044974545805893  0.00046790812842729  0.00048680202587914  0.00050701197884119
  0.00052827415033379  0.00055080747802508  0.00057419882852115  0.00059890763297907
  0.00062657343920309  0.00065556168637786  0.00068731948016616  0.00072192837715520
  0.00076009959999052  0.00080184394356033  0.00084600796875452  0.00089147071227346
  0.00093947422402456  0.00098962670811896  0.00104614980070761  0.00110961411443892
  0.00118240603642117  0.00125964360146071  0.00134455084993874  0.00143637851402047
  0.00154024876795247  0.00165589541284313  0.00179557938163340  0.00195761620904851
  0.00215030504583611  0.00236578647190986  0.00261594730980110  0.00290163334860296
  0.00324426881549111  0.00368328258395305  0.00423496948359291  0.00499731927160750
  0.00613493213955981  0.00762757952880779  0.06363448912314498  1.00000000000000000
 -0.00234183426979010  0.00981713013806913  0.02068994249162832  0.03191470792536833
  0.04337299975617981  0.05453324411420914  0.06553442981604692  0.07614896684347473
  0.08653498468627183  0.09698638288203293  0.10758105889875556  0.11839761584571891
  0.12892455082248147  0.13934311544303515  0.14975440882882277  0.16006469544718044
  0.17049751694725573  0.18095322238479383  0.19157597574323837  0.20206980235189040
  0.21246340920870641  0.22285542415855469  0.23320254842366248  0.24393844580303220
  0.25474062988951990  0.26567271598500403  0.27636954759843435  0.28711137241127543
  0.29770134030635320  0.30847611055653679  0.31916050314531857  0.33024655904370021
  0.34101363846211696  0.35193758682172455  0.36237971846659839  0.37291789002576975
  0.38318748148655363  0.39390116924288909  0.40424601430242624  0.41473526656534865
  0.42514934859472359  0.43552331602509325  0.44569959344896876  0.45599761440828501
  0.46673209521557746  0.47776583384128463  0.48857425402888982  0.49930966993083259
  0.51015046709225875  0.52090922714367771  0.53111804199025070  0.54110619645755353
  0.55109272714327950  0.56104845397512726  0.57103415345749420  0.58086585929034218
  0.59069240441669890  0.60051110748433933  0.61038061640227859  0.62054076871050523
  0.63077310383436092  0.64111251236514932  0.65153418331425406  0.66172722258314032
  0.67170391032471555  0.68168141279741457  0.69210537386357829  0.70300152266275007
  0.71438850588452762  0.72590695976532738  0.73752701815972244  0.74874086303619336
  0.75962269092110069  0.77018722896913006  0.78057756721562799  0.79098079015770006
  0.80160589961201367  0.81227327021681639  0.82310834042375502  0.83371831007822716
  0.84437687148264606  0.85487433671591284  0.86532331272886909  0.87588201920598463
  0.88658988613198564  0.89731182346196914  0.90783092015331535  0.91846265891516232
  0.92884776228181687  0.93945811901855281  0.94955545781594142  0.95971251881738207
  0.96987268490714074  0.97991348296185499  0.99001973920410780  1.00000000000000000
 -0.00364110056182692  0.02508256358878436  0.04568804298643270  0.06341322224405416
  0.07947494657748885  0.09414035285839030  0.10754074238923643  0.12037724325941590
  0.13261478698476040  0.14480946633734162  0.15668469649416897  0.16834296447736077
  0.17926672547960151  0.19008975510734882  0.20036854128777323  0.21040213941888564
  0.22027540894867365  0.22995355960842870  0.23949711795438405  0.24896580850591005
  0.25846637668346684  0.26818903059064514  0.27737368374421040  0.28650441300535961
  0.29563950720009374  0.30490226644784663  0.31400799567795684  0.32285423906060817
  0.33154013456446796  0.34003662351873765  0.34841797806183639  0.35665456706718224
  0.36467775009713049  0.37263915168971434  0.38064899556808296  0.38867286283722668
  0.39670541772536566  0.40472747936552012  0.41270109009305322  0.42056891048332662
  0.42832392370203826  0.43612435015673640  0.44408956645906028  0.45208571313460205
  0.45998100599845365  0.46777481892826300  0.47575015325714037  0.48365361104232774
  0.49132211171210283  0.49892977367239205  0.50657268848012238  0.51425703981817095
  0.52203131188370699  0.52989310599712969  0.53780653051295413  0.54564828440940938
  0.55337593353629910  0.56105651045823690  0.56873406748954414  0.57647815496605515
  0.58419401704253671  0.59188841443197671  0.59946372531990511  0.60730683172979416
  0.61539615027179029  0.62361364391538454  0.63182350475551097  0.63993299673522042
  0.64813290593556250  0.65675131775711626  0.66556664095648255  0.67409851067713233
  0.68267320234150153  0.69111565484621695  0.69949073477261803  0.70802630862261484
  0.71684490400113166  0.72587288820529972  0.73509486116992528  0.74411544243278471
  0.75345165670409564  0.76316236297023665  0.77312383874203683  0.78301863847719155
  0.79305481843135284  0.80344848861230000  0.81451766004129389  0.82633589939123220
  0.83895081609317590  0.85232341063181227  0.86712043848269849  0.88312282881492021
  0.90104854211886820  0.92163227330346997  0.94999976588282165  1.00000000000000000
 -0.01841944667761276  0.11224411261339995  0.14674666992397289  0.16821257918081561
  0.18511674904618688  0.19968219398834200  0.21266944500589199  0.22463030050445140
  0.23586728560652759  0.24659420420050274  0.25655752313246688  0.26587848951809279
  0.27474396202645335  0.28332803553727715  0.29180019529995666  0.29979810313015459
  0.30750528366646529  0.31499156619870211  0.32245532798465032  0.32979317488991072
  0.33686334262329332  0.34364101827021926  0.35032815010981855  0.35684592381278341
  0.36319941693383551  0.36950035312083479  0.37559795427003634  0.38146778901776535
  0.38722227215121757  0.39298711206069170  0.39873663462113973  0.40449145718579899
  0.41023384578061350  0.41593413378863781  0.42162667021204775  0.42726373878769847
  0.43283565027293430  0.43840341215447953  0.44411528642524167  0.44997098411411846
  0.45582396931866626  0.46165180046711951  0.46733322037271918  0.47301091199550971
  0.47870380247301220  0.48446286059975985  0.49028445899028017  0.49611841670366741
  0.50192661842833719  0.50751904905792855  0.51308804515313311  0.51869521349965864
  0.52439383893782188  0.53009058891092053  0.53577724119827053  0.54145174368169702
  0.54711495600589821  0.55282306160535444  0.55859995533640872  0.56439259856265600
  0.57020285152452510  0.57601776063527332  0.58181393326094832  0.58770135100769116
  0.59363416901999744  0.59950466143437187  0.60553041772242588  0.61169603005845896
  0.61805289540709551  0.62459592652086204  0.63128970185588285  0.63803367159736268
  0.64474196996767086  0.65140874708675278  0.65803861466188396  0.66475342425521355
  0.67163343448916724  0.67863332982800406  0.68583953289343802  0.69330615014668806
  0.70104081331209800  0.70902387262681821  0.71729330822045601  0.72585784009635490
  0.73476631043452734  0.74411638507486977  0.75387303206902012  0.76444776245116619
  0.77567156211500277  0.78785590377424020  0.80093088470256635  0.81554492864429062
  0.83266331659266146  0.85455939229425570  0.89101412791939372  1.00000000000000000
   1.0750788607577697E-002  -1.0000000000000000     
 F F F F F F F F F F F F F F F F
  <DiscreteSampler_grid>
  grouped_processes
  1 # 1 for a reference and 2 for a running grid.
  10 # Attribute 'min_bin_probing_points' of the grid.
  1 # Attribute 'grid_mode' of the grid. 1=='default',2=='initialization'
  0.0000000000000000 # Attribute 'small_contrib_threshold' of the grid.
  0.5000000000000000 # Attribute 'damping_power' of the grid.
 # binID   n_entries weight   weight_sqr   abs_weight
    10   10   2.874818395022554E+008   1.659324173158568E+017   2.874818395022554E+008
    16   10   2.874818395022554E+008   1.659324173158568E+017   2.874818395022554E+008
  </DiscreteSampler_grid>
