  0.00000441699045598  0.00000706529975755  0.00001117031742152  0.00001595321824073
  0.00002056666942520  0.00002505325134483  0.00002953285108625  0.00003408118284407
  0.00003863428148853  0.00004311008199224  0.00004753989553390  0.00005198664892112
  0.00005641821387142  0.00006103555611562  0.00006586122585936  0.00007080623841110
  0.00007578398352399  0.00008091020522218  0.00008618419046190  0.00009152154307119
  0.00009695374853637  0.00010247714881005  0.00010807029254029  0.00011372684017927
  0.00011947004790538  0.00012532102864705  0.00013136927240248  0.00013754899314328
  0.00014378785175390  0.00015011310722047  0.00015647159084071  0.00016283973685737
  0.00016930806696129  0.00017600343282194  0.00018295752213456  0.00019013954156239
  0.00019764713668506  0.00020549622191535  0.00021333641542877  0.00022152745728279
  0.00022978659850398  0.00023839258751374  0.00024744817598756  0.00025689215976423
  0.00026677560619751  0.00027709717166565  0.00028786165686861  0.00029908747180260
  0.00031072135867049  0.00032267119744757  0.00033501108005986  0.00034771600451417
  0.00036121381964484  0.00037536182138896  0.00038991959528101  0.00040508405279351
  0.00042077745534200  0.00043749873929690  0.00045560983790798  0.00047449910515133
  0.00049438809300151  0.00051456882479828  0.00053612795938639  0.00055917442776197
  0.00058363796528332  0.00060985451519740  0.00063791945990487  0.00066776040588541
  0.00069929057565266  0.00073270494949558  0.00076845676097901  0.00080731196735074
  0.00084967416443365  0.00089618772001985  0.00094836291688038  0.00100411367433763
  0.00106359187222633  0.00112762750293526  0.00119546494596624  0.00127051033621811
  0.00135381648269227  0.00145025847437148  0.00155579806731002  0.00167191502065544
  0.00180803233716309  0.00197248631374639  0.00216087062199911  0.00238693958757743
  0.00263960911400660  0.00299645521067554  0.00344139968424166  0.00402026518341463
  0.00477009552615573  0.00564080441374313  0.15791503444545824  1.00000000000000000
 -0.00231035511708571  0.00935471884648619  0.01934257835878414  0.02947459165567757
  0.03985141752382029  0.05000958689146461  0.06044099070163916  0.07046462965237833
  0.08055037143523337  0.09060043906204060  0.10067535733483260  0.11096729700706888
  0.12124920413986583  0.13162729465274817  0.14228278035703459  0.15300218436986696
  0.16380717086852337  0.17445551722673280  0.18500306482275070  0.19567780019087683
  0.20642739163816984  0.21717022133103916  0.22764658780620212  0.23849805235310162
  0.24939599658150657  0.26001517981058608  0.27053539731606507  0.28112723392501154
  0.29175614377765186  0.30232254047471807  0.31276031048025377  0.32307985251806898
  0.33313651117286974  0.34335808084932345  0.35365325903446454  0.36421741840656158
  0.37508203741343177  0.38637837740972858  0.39757505590170933  0.40813863684824225
  0.41870858287477736  0.42910982764159028  0.43943449780299337  0.44974010903650785
  0.46006737671253961  0.47052102419698971  0.48082035016836255  0.49143849135259021
  0.50223478856694803  0.51327029490409837  0.52428290257211208  0.53556251800003052
  0.54681982415238350  0.55780977010186961  0.56855577494413356  0.57924531749325969
  0.58979877548970994  0.60010843525403157  0.61020994832753017  0.62033294212620083
  0.63056109569831020  0.64081870121090700  0.65108484787116938  0.66144351579097427
  0.67198975053566035  0.68260128295853995  0.69310043600516746  0.70344442916549910
  0.71366879493038826  0.72414668042470154  0.73441699947044126  0.74473504481059993
  0.75515670248989042  0.76589382218263147  0.77657827114805777  0.78729127399044441
  0.79823084145355694  0.80959195616839952  0.82062152605461869  0.83133332164947560
  0.84170545289265153  0.85195186853550453  0.86228800405099393  0.87281864485605953
  0.88321240239211496  0.89338973218691131  0.90364306719471854  0.91382089196159655
  0.92397011683131480  0.93415727818070704  0.94474067797259098  0.95553210500923536
  0.96621333451484703  0.97699783259893536  0.98837497682559283  1.00000000000000000
 -0.00342021808768071  0.02479820681171588  0.04546656695675088  0.06321340141785746
  0.07922427563031510  0.09363953349111101  0.10723261169851990  0.11974794014274549
  0.13183465885074450  0.14367951331334505  0.15548543133839218  0.16680470608663955
  0.17760455039370240  0.18804159263573203  0.19834357198853550  0.20851834765263558
  0.21849681777696850  0.22833590426156988  0.23817243301956587  0.24798387005317479
  0.25754629165472182  0.26686517129797427  0.27599739377110749  0.28498880597763010
  0.29399309591379458  0.30308766276494936  0.31224823960198794  0.32136724812938383
  0.33026686669261518  0.33894125508332629  0.34743856831260850  0.35588445606287189
  0.36431572904841364  0.37278167338486806  0.38127761039589958  0.38972287891320123
  0.39812190445745399  0.40624546252336369  0.41415890724210974  0.42190576094618060
  0.42962309885266642  0.43740371487029756  0.44491441840191903  0.45231967304094861
  0.45977868401107164  0.46732895110467276  0.47489138374055401  0.48243201884445541
  0.48997687081087093  0.49737817832778813  0.50487211718070635  0.51259360918957309
  0.52038930988616716  0.52823619123555410  0.53614331699887086  0.54394334004232903
  0.55148910384246608  0.55890463721438044  0.56637810331215810  0.57399347144407253
  0.58177002105589171  0.58957734751877533  0.59733829148990381  0.60523283593925536
  0.61332998841216724  0.62166800857455939  0.63000341037527352  0.63845820872757486
  0.64692203062655473  0.65537452574926325  0.66382388822914462  0.67231590248903317
  0.68088270779231530  0.68944932190574448  0.69820877782600255  0.70711256631836705
  0.71642437305742945  0.72589223615673160  0.73534990415632406  0.74494139838795703
  0.75475485916433627  0.76472508950560458  0.77483011780011879  0.78517270742501866
  0.79575446273469264  0.80660138803945480  0.81793991293746471  0.82998125637529718
  0.84270615901245627  0.85630763183139935  0.87062941752970813  0.88582674340587597
  0.90268018095762947  0.92300368357563223  0.95176518848488911  1.00000000000000000
 -0.01801332360465439  0.11038616012444372  0.14735527783129176  0.16925241536158367
  0.18609865772185458  0.20073005882350564  0.21414898465717819  0.22653977009196777
  0.23788231471149693  0.24841319679297991  0.25800041607233420  0.26708231667557575
  0.27575316995628624  0.28410377290564465  0.29239840491908431  0.30042551890088670
  0.30822771122597731  0.31575318339365116  0.32303013479033738  0.33026963567863421
  0.33739702808828681  0.34431899021174955  0.35112684755176743  0.35767588151942126
  0.36405815609210984  0.37040063708355958  0.37670237349855756  0.38297515594659398
  0.38923582175786392  0.39540712650482884  0.40141434523629810  0.40728282042065073
  0.41319051711886062  0.41891816526148395  0.42463427398698556  0.43022958365300096
  0.43586591997457647  0.44165880373942723  0.44751350829177933  0.45331847291960115
  0.45899043476664753  0.46454754816379723  0.47005053449567374  0.47553164639992479
  0.48103328618323182  0.48646566363916560  0.49184635345305999  0.49729933806561111
  0.50278334871165820  0.50839314378679457  0.51408105366169354  0.51977739411762913
  0.52551353767295872  0.53130208467681350  0.53708832757474845  0.54286633520726213
  0.54872381610764931  0.55457326486483505  0.56038068335085733  0.56635783901618142
  0.57229834371972865  0.57840400015215632  0.58432781434589176  0.59020898673562960
  0.59602285658077070  0.60180704146101593  0.60762167245578547  0.61349593311637363
  0.61948664432114509  0.62556383384637226  0.63168131559385765  0.63781338541297339
  0.64402701201049062  0.65047103578031429  0.65711817043649579  0.66384079704765142
  0.67080886357164027  0.67801427018465477  0.68538861127743100  0.69303358243357649
  0.70087165669595297  0.70881650046764111  0.71698392579505643  0.72549112068604860
  0.73447471804136821  0.74398791695100497  0.75388333211044289  0.76445256330768341
  0.77563929919454744  0.78763795398235403  0.80074368090879833  0.81566642291016467
  0.83318758962494066  0.85555916521775310  0.89209887491671191  1.00000000000000000
   1.0995843310113844E-002  -1.0000000000000000     
 F F F F F F F F F F F F F F F F
  <DiscreteSampler_grid>
  grouped_processes
  1 # 1 for a reference and 2 for a running grid.
  10 # Attribute 'min_bin_probing_points' of the grid.
  1 # Attribute 'grid_mode' of the grid. 1=='default',2=='initialization'
  0.0000000000000000 # Attribute 'small_contrib_threshold' of the grid.
  0.5000000000000000 # Attribute 'damping_power' of the grid.
 # binID   n_entries weight   weight_sqr   abs_weight
    10   10   1.788956706513767E+009   2.808544908812741E+019   1.788956706513767E+009
    16   10   1.788956706513767E+009   2.808544908812741E+019   1.788956706513767E+009
  </DiscreteSampler_grid>
