     
 Soft #          77
 ME*wgt:
   1.0047948204412132        6.8823620186677459E-011   6.8495198011128749E-011
  0.99997471542362382        6.8493466139063238E-011   6.8495198011128749E-011
  0.99999292078125246        6.8494713118638871E-011   6.8495198011128749E-011
  0.99999924783863270        6.8495146491686960E-011   6.8495198011128749E-011
  0.99999990364805202        6.8495191411482991E-011   6.8495198011128749E-011
   1.0000004295726066        6.8495227434789498E-011   6.8495198011128749E-011
  0.99999915582211452        6.8495140188997324E-011   6.8495198011128749E-011
  0.99998710313457351        6.8494314637777639E-011   6.8495198011128749E-011
   1.0002076162285842        6.8509418725815953E-011   6.8495198011128749E-011
  0.99530535281762711        6.8173637222779728E-011   6.8495198011128749E-011
 wgt:
   1.1111111111111112        1.6329161948964242E-006   1.4696245754067818E-006
   1.0101010101010102        1.4844692680876584E-006   1.4696245754067818E-006
   1.0010010010010013        1.4710956710778602E-006   1.4696245754067818E-006
   1.0001000100009998        1.4697715525620377E-006   1.4696245754067818E-006
   1.0000100001000012        1.4696392717995001E-006   1.4696245754067818E-006
   1.0000010000010000        1.4696260450328268E-006   1.4696245754067818E-006
   1.0000001000000098        1.4696247223692538E-006   1.4696245754067818E-006
   1.0000000100000002        1.4696245901030277E-006   1.4696245754067818E-006
   1.0000000010000001        1.4696245768764064E-006   1.4696245754067818E-006
   1.0000000001000000        1.4696245755537444E-006   1.4696245754067818E-006
     
 Soft #          61
 ME*wgt:
   1.0055882634067832        3.6192449075164822E-012   3.5991320098098796E-012
   1.0000534466319533        3.5993243712937589E-012   3.5991320098098796E-012
   1.0000008687490767        3.5991351365524896E-012   3.5991320098098796E-012
   1.0000009947780206        3.5991355901472961E-012   3.5991320098098796E-012
   1.0000041721805144        3.5991470260383200E-012   3.5991320098098796E-012
   1.0000211852595082        3.5992082583555115E-012   3.5991320098098796E-012
   1.0008370379444174        3.6021446198690573E-012   3.5991320098098796E-012
  0.98125932780923275        3.5316818566427353E-012   3.5991320098098796E-012
   1.1472324444965281        4.1290410136798905E-012   3.5991320098098796E-012
  0.32619955253198768        1.1740352511035363E-012   3.5991320098098796E-012
 wgt:
   1.1111111111111112        1.2245912570381130E-007   1.1021321313343016E-007
   1.0101010101010099        1.1132647791255571E-007   1.1021321313343016E-007
   1.0010010010010013        1.1032353667010030E-007   1.1021321313343016E-007
   1.0001000100010000        1.1022423555698585E-007   1.1021321313343016E-007
   1.0000100001000012        1.1021431527658294E-007   1.1021321313343016E-007
   1.0000010000009998        1.1021332334675349E-007   1.1021321313343016E-007
   1.0000001000000101        1.1021322415475258E-007   1.1021321313343016E-007
   1.0000000099999999        1.1021321423556229E-007   1.1021321313343016E-007
   1.0000000009999999        1.1021321324364336E-007   1.1021321313343016E-007
   1.0000000001000000        1.1021321314445148E-007   1.1021321313343016E-007
     
 Collinear #          44
 ME*wgt:
   1.4459434462894103        1.3368047110333938E-012   9.2452074419916696E-013
   1.0360841190891197        9.5788126083321135E-013   9.2452074419916696E-013
   1.0020515766673079        9.2641746938640820E-013   9.2452074419916696E-013
  0.99972273870376172        9.2426441037923115E-013   9.2452074419916696E-013
  0.99981980743876908        9.2435415243835857E-013   9.2452074419916696E-013
  0.99993375431167930        9.2445949868610074E-013   9.2452074419916696E-013
  0.99997802856035722        9.2450043114743727E-013   9.2452074419916696E-013
  0.99998803178333195        9.2450967933458623E-013   9.2452074419916696E-013
   1.0000778351485982        9.2459270440867369E-013   9.2452074419916696E-013
   1.0003987768058364        9.2488942162846815E-013   9.2452074419916696E-013
 wgt:
   1.0001551657654766        3.3651360296557373E-005   3.3646139567556042E-005
   1.0000148705461367        3.3646639904026803E-005   3.3646139567556042E-005
   1.0000014808866271        3.3646189393674181E-005   3.3646139567556042E-005
   1.0000001480272620        3.3646144548101959E-005   3.3646139567556042E-005
   1.0000000148021124        3.3646140065589982E-005   3.3646139567556042E-005
   1.0000000014802051        3.3646139617359228E-005   3.3646139567556042E-005
   1.0000000001480205        3.3646139572536359E-005   3.3646139567556042E-005
   1.0000000000148019        3.3646139568054070E-005   3.3646139567556042E-005
   1.0000000000014804        3.3646139567605854E-005   3.3646139567556042E-005
   1.0000000000001479        3.3646139567561016E-005   3.3646139567556042E-005
     
 Collinear #          44
 ME*wgt:
   1.4459434462894103        1.3368047110333938E-012   9.2452074419916696E-013
   1.0360841190891197        9.5788126083321135E-013   9.2452074419916696E-013
   1.0020515766673079        9.2641746938640820E-013   9.2452074419916696E-013
  0.99972273870376172        9.2426441037923115E-013   9.2452074419916696E-013
  0.99981980743876908        9.2435415243835857E-013   9.2452074419916696E-013
  0.99993375431167930        9.2445949868610074E-013   9.2452074419916696E-013
  0.99997802856035722        9.2450043114743727E-013   9.2452074419916696E-013
  0.99998803178333195        9.2450967933458623E-013   9.2452074419916696E-013
   1.0000778351485982        9.2459270440867369E-013   9.2452074419916696E-013
   1.0003987768058364        9.2488942162846815E-013   9.2452074419916696E-013
 wgt:
   1.0001551657654766        3.3651360296557373E-005   3.3646139567556042E-005
   1.0000148705461367        3.3646639904026803E-005   3.3646139567556042E-005
   1.0000014808866271        3.3646189393674181E-005   3.3646139567556042E-005
   1.0000001480272620        3.3646144548101959E-005   3.3646139567556042E-005
   1.0000000148021124        3.3646140065589982E-005   3.3646139567556042E-005
   1.0000000014802051        3.3646139617359228E-005   3.3646139567556042E-005
   1.0000000001480205        3.3646139572536359E-005   3.3646139567556042E-005
   1.0000000000148019        3.3646139568054070E-005   3.3646139567556042E-005
   1.0000000000014804        3.3646139567605854E-005   3.3646139567556042E-005
   1.0000000000001479        3.3646139567561016E-005   3.3646139567556042E-005
     
 Collinear #          90
 ME*wgt:
   1.2530549480334807        4.9090730287647145E-014   3.9176837667565297E-014
   1.0207551346693080        3.9989958209273233E-014   3.9176837667565297E-014
   1.0012487346996017        3.9225759144181452E-014   3.9176837667565297E-014
  0.99986877190649115        3.9171696565848478E-014   3.9176837667565297E-014
  0.99990592106229548        3.9173151952294911E-014   3.9176837667565297E-014
  0.99996419692119487        3.9175435016158949E-014   3.9176837667565297E-014
  0.99999018380555815        3.9176453100109135E-014   3.9176837667565297E-014
   1.0000150450570802        3.9177427085324224E-014   3.9176837667565297E-014
   1.0001198676664846        3.9181533703676756E-014   3.9176837667565297E-014
   1.0042281648964706        3.9342483797346026E-014   3.9176837667565297E-014
 wgt:
   1.0000241844714797        1.0606071421268381E-005   1.0605814925239802E-005
   1.0000023180299304        1.0605839509836235E-005   1.0605814925239802E-005
   1.0000002308441329        1.0605817373529952E-005   1.0605814925239802E-005
   1.0000000230748680        1.0605815169967581E-005   1.0605814925239802E-005
   1.0000000023073916        1.0605814949711570E-005   1.0605814925239802E-005
   1.0000000002307381        1.0605814927686968E-005   1.0605814925239802E-005
   1.0000000000230738        1.0605814925484518E-005   1.0605814925239802E-005
   1.0000000000023075        1.0605814925264274E-005   1.0605814925239802E-005
   1.0000000000002307        1.0605814925242248E-005   1.0605814925239802E-005
   1.0000000000000231        1.0605814925240046E-005   1.0605814925239802E-005
     
 Collinear #          90
 ME*wgt:
   1.2530549480334807        4.9090730287647145E-014   3.9176837667565297E-014
   1.0207551346693080        3.9989958209273233E-014   3.9176837667565297E-014
   1.0012487346996017        3.9225759144181452E-014   3.9176837667565297E-014
  0.99986877190649115        3.9171696565848478E-014   3.9176837667565297E-014
  0.99990592106229548        3.9173151952294911E-014   3.9176837667565297E-014
  0.99996419692119487        3.9175435016158949E-014   3.9176837667565297E-014
  0.99999018380555815        3.9176453100109135E-014   3.9176837667565297E-014
   1.0000150450570802        3.9177427085324224E-014   3.9176837667565297E-014
   1.0001198676664846        3.9181533703676756E-014   3.9176837667565297E-014
   1.0042281648964706        3.9342483797346026E-014   3.9176837667565297E-014
 wgt:
   1.0000241844714797        1.0606071421268381E-005   1.0605814925239802E-005
   1.0000023180299304        1.0605839509836235E-005   1.0605814925239802E-005
   1.0000002308441329        1.0605817373529952E-005   1.0605814925239802E-005
   1.0000000230748680        1.0605815169967581E-005   1.0605814925239802E-005
   1.0000000023073916        1.0605814949711570E-005   1.0605814925239802E-005
   1.0000000002307381        1.0605814927686968E-005   1.0605814925239802E-005
   1.0000000000230738        1.0605814925484518E-005   1.0605814925239802E-005
   1.0000000000023075        1.0605814925264274E-005   1.0605814925239802E-005
   1.0000000000002307        1.0605814925242248E-005   1.0605814925239802E-005
   1.0000000000000231        1.0605814925240046E-005   1.0605814925239802E-005
     
 Collinear #          26
 ME*wgt:
   1.3067918481604051        1.5046305165211002E-013   1.1513926404110925E-013
   1.0259853630418818        1.1813119961759258E-013   1.1513926404110925E-013
   1.0018651414006852        1.1535401504931676E-013   1.1513926404110925E-013
  0.99996126178308919        1.1513480375132388E-013   1.1513926404110925E-013
  0.99992493312016384        1.1513062089581106E-013   1.1513926404110925E-013
  0.99996948379576245        1.1513575042781201E-013   1.1513926404110925E-013
  0.99998594826312148        1.1513764613446656E-013   1.1513926404110925E-013
  0.99999274464538057        1.1513842866491802E-013   1.1513926404110925E-013
   1.0000546470072371        1.1514555605730458E-013   1.1513926404110925E-013
   1.0012536895880295        1.1528361293761096E-013   1.1513926404110925E-013
 wgt:
   1.0000413217192512        1.7254216099448910E-005   1.7253503155035437E-005
   1.0000039605371562        1.7253571488175758E-005   1.7253503155035437E-005
   1.0000003944148435        1.7253509960073182E-005   1.7253503155035437E-005
   1.0000000394251696        1.7253503835257724E-005   1.7253503155035437E-005
   1.0000000039423540        1.7253503223054853E-005   1.7253503155035437E-005
   1.0000000003942335        1.7253503161837345E-005   1.7253503155035437E-005
   1.0000000000394231        1.7253503155715625E-005   1.7253503155035437E-005
   1.0000000000039422        1.7253503155103454E-005   1.7253503155035437E-005
   1.0000000000003944        1.7253503155042240E-005   1.7253503155035437E-005
   1.0000000000000397        1.7253503155036121E-005   1.7253503155035437E-005
     
 Collinear #          26
 ME*wgt:
   1.3067918481604051        1.5046305165211002E-013   1.1513926404110925E-013
   1.0259853630418818        1.1813119961759258E-013   1.1513926404110925E-013
   1.0018651414006852        1.1535401504931676E-013   1.1513926404110925E-013
  0.99996126178308919        1.1513480375132388E-013   1.1513926404110925E-013
  0.99992493312016384        1.1513062089581106E-013   1.1513926404110925E-013
  0.99996948379576245        1.1513575042781201E-013   1.1513926404110925E-013
  0.99998594826312148        1.1513764613446656E-013   1.1513926404110925E-013
  0.99999274464538057        1.1513842866491802E-013   1.1513926404110925E-013
   1.0000546470072371        1.1514555605730458E-013   1.1513926404110925E-013
   1.0012536895880295        1.1528361293761096E-013   1.1513926404110925E-013
 wgt:
   1.0000413217192512        1.7254216099448910E-005   1.7253503155035437E-005
   1.0000039605371562        1.7253571488175758E-005   1.7253503155035437E-005
   1.0000003944148435        1.7253509960073182E-005   1.7253503155035437E-005
   1.0000000394251696        1.7253503835257724E-005   1.7253503155035437E-005
   1.0000000039423540        1.7253503223054853E-005   1.7253503155035437E-005
   1.0000000003942335        1.7253503161837345E-005   1.7253503155035437E-005
   1.0000000000394231        1.7253503155715625E-005   1.7253503155035437E-005
   1.0000000000039422        1.7253503155103454E-005   1.7253503155035437E-005
   1.0000000000003944        1.7253503155042240E-005   1.7253503155035437E-005
   1.0000000000000397        1.7253503155036121E-005   1.7253503155035437E-005
