     
 Soft #          40
 
 part:           1
 comp:           0
   1.0001000801333839        292.42926343100140        292.39999999999998     
   1.0000095287793174        292.40278621507235        292.39999999999998     
   1.0000009485600954        292.40027735897183        292.39999999999998     
   1.0000000948132581        292.40002772339665        292.39999999999998     
   1.0000000094808987        292.40000277221475        292.39999999999998     
   1.0000000009480858        292.40000027722027        292.39999999999998     
   1.0000000000948086        292.40000002772200        292.39999999999998     
   1.0000000000094811        292.40000000277223        292.39999999999998     
   1.0000000000009481        292.40000000027720        292.39999999999998     
   1.0000000000000948        292.40000000002772        292.39999999999998     
 comp:           1
   0.0000000000000000        0.0000000000000000     
   0.0000000000000000        0.0000000000000000     
   0.0000000000000000        0.0000000000000000     
   0.0000000000000000        0.0000000000000000     
   0.0000000000000000        0.0000000000000000     
   0.0000000000000000        0.0000000000000000     
   0.0000000000000000        0.0000000000000000     
   0.0000000000000000        0.0000000000000000     
   0.0000000000000000        0.0000000000000000     
   0.0000000000000000        0.0000000000000000     
 comp:           2
   0.0000000000000000        0.0000000000000000     
   0.0000000000000000        0.0000000000000000     
   0.0000000000000000        0.0000000000000000     
   0.0000000000000000        0.0000000000000000     
   0.0000000000000000        0.0000000000000000     
   0.0000000000000000        0.0000000000000000     
   0.0000000000000000        0.0000000000000000     
   0.0000000000000000        0.0000000000000000     
   0.0000000000000000        0.0000000000000000     
   0.0000000000000000        0.0000000000000000     
 comp:           3
   1.0001000801333839        292.42926343100140        292.39999999999998     
   1.0000095287793174        292.40278621507235        292.39999999999998     
   1.0000009485600954        292.40027735897183        292.39999999999998     
   1.0000000948132581        292.40002772339665        292.39999999999998     
   1.0000000094808987        292.40000277221475        292.39999999999998     
   1.0000000009480858        292.40000027722027        292.39999999999998     
   1.0000000000948086        292.40000002772200        292.39999999999998     
   1.0000000000094811        292.40000000277223        292.39999999999998     
   1.0000000000009481        292.40000000027720        292.39999999999998     
   1.0000000000000948        292.40000000002772        292.39999999999998     
 
 part:           2
 comp:           0
   1.1109999220907190        324.85637721932619        292.39999999999998     
   1.0100913851631110        295.35072102169363        292.39999999999998     
   1.0010000514922968        292.69241505634756        292.39999999999998     
   1.0000999151782684        292.42921519812563        292.39999999999998     
   1.0000099906190076        292.40292125699779        292.39999999999998     
   1.0000009990529137        292.40029212307195        292.39999999999998     
   1.0000000999052017        292.40002921228091        292.39999999999998     
   1.0000000099905193        292.40000292122784        292.39999999999998     
   1.0000000009990520        292.40000029212280        292.39999999999998     
   1.0000000000999052        292.40000002921226        292.39999999999998     
 comp:           1
   0.0000000000000000        0.0000000000000000     
   0.0000000000000000        0.0000000000000000     
   0.0000000000000000        0.0000000000000000     
   0.0000000000000000        0.0000000000000000     
   0.0000000000000000        0.0000000000000000     
   0.0000000000000000        0.0000000000000000     
   0.0000000000000000        0.0000000000000000     
   0.0000000000000000        0.0000000000000000     
   0.0000000000000000        0.0000000000000000     
   0.0000000000000000        0.0000000000000000     
 comp:           2
   0.0000000000000000        0.0000000000000000     
   0.0000000000000000        0.0000000000000000     
   0.0000000000000000        0.0000000000000000     
   0.0000000000000000        0.0000000000000000     
   0.0000000000000000        0.0000000000000000     
   0.0000000000000000        0.0000000000000000     
   0.0000000000000000        0.0000000000000000     
   0.0000000000000000        0.0000000000000000     
   0.0000000000000000        0.0000000000000000     
   0.0000000000000000        0.0000000000000000     
 comp:           3
   1.1109999220907190       -324.85637721932619       -292.39999999999998     
   1.0100913851631110       -295.35072102169363       -292.39999999999998     
   1.0010000514922968       -292.69241505634756       -292.39999999999998     
   1.0000999151782684       -292.42921519812563       -292.39999999999998     
   1.0000099906190076       -292.40292125699779       -292.39999999999998     
   1.0000009990529137       -292.40029212307195       -292.39999999999998     
   1.0000000999052017       -292.40002921228091       -292.39999999999998     
   1.0000000099905193       -292.40000292122784       -292.39999999999998     
   1.0000000009990520       -292.40000029212280       -292.39999999999998     
   1.0000000000999052       -292.40000002921226       -292.39999999999998     
 
 part:           3
 comp:           0
  0.99962757798739044        292.29110380351295        292.39999999999998     
  0.99996403706743942        292.38948443851928        292.39999999999998     
  0.99999641565480957        292.39895193746628        292.39999999999998     
  0.99999964168418010        292.39989522845423        292.39999999999998     
  0.99999996416960413        292.39998952319223        292.39999999999998     
  0.99999999641697235        292.39999895232268        292.39999999999998     
  0.99999999964169728        292.39999989523227        292.39999999999998     
  0.99999999996416977        292.39999998952322        292.39999999999998     
  0.99999999999641698        292.39999999895230        292.39999999999998     
  0.99999999999964173        292.39999999989521        292.39999999999998     
 comp:           1
  0.99972726276621282       -216.90698400352727       -216.96615875349113     
  0.99997399108174445       -216.96051569840390       -216.96615875349113     
  0.99999741080843108       -216.96559698654215       -216.96615875349113     
  0.99999974119697710       -216.96610260199338       -216.96615875349113     
  0.99999997412085817       -216.96615313859314       -216.96615875349113     
  0.99999999741209744       -216.96615819200386       -216.96615875349113     
  0.99999999974120979       -216.96615869734242       -216.96615875349113     
  0.99999999997412092       -216.96615874787625       -216.96615875349113     
  0.99999999999741207       -216.96615875292963       -216.96615875349113     
  0.99999999999974121       -216.96615875343497       -216.96615875349113     
 comp:           2
  0.95392595788901646        19.597610725252494        20.544163373665693     
  0.99560626182817724        20.453897698842656        20.544163373665693     
  0.99956260273039610        20.535177412699756        20.544163373665693     
  0.99995627989178526        20.543265180619816        20.544163373665693     
  0.99999562818522036        20.544073558388622        20.544163373665693     
  0.99999956282048219        20.544154392178257        20.544163373665693     
  0.99999995628206784        20.544162475517354        20.544163373665693     
  0.99999999562820696        20.544163283850864        20.544163373665693     
  0.99999999956282060        20.544163364684209        20.544163373665693     
  0.99999999995628208        20.544163372767546        20.544163373665693     
 comp:           3
   1.0000000000000000       -91.746298601256882       -91.746298601256882     
   1.0000000000000000       -91.746298601256882       -91.746298601256882     
   1.0000000000000000       -91.746298601256882       -91.746298601256882     
   1.0000000000000000       -91.746298601256882       -91.746298601256882     
   1.0000000000000000       -91.746298601256882       -91.746298601256882     
   1.0000000000000000       -91.746298601256882       -91.746298601256882     
   1.0000000000000000       -91.746298601256882       -91.746298601256882     
   1.0000000000000000       -91.746298601256882       -91.746298601256882     
   1.0000000000000000       -91.746298601256882       -91.746298601256882     
   1.0000000000000000       -91.746298601256882       -91.746298601256882     
 
 part:           4
 comp:           0
   1.0003829462767342        292.51197349131706        292.39999999999998     
   1.0000360586079384        292.41054353696120        292.39999999999998     
   1.0000035852933251        292.40104833976824        292.39999999999998     
   1.0000003583252928        292.40010477431559        292.39999999999998     
   1.0000000358304904        292.40001047683535        292.39999999999998     
   1.0000000035830285        292.40000104767751        292.39999999999998     
   1.0000000003583027        292.40000010476768        292.39999999999998     
   1.0000000000358302        292.40000001047673        292.39999999999998     
   1.0000000000035831        292.40000000104766        292.39999999999998     
   1.0000000000003584        292.40000000010474        292.39999999999998     
 comp:           1
   1.0002728402615009        217.02535585698229        216.96615875349113     
   1.0000260098548737        216.97180201179279        216.96615875349113     
   1.0000025892008508        216.96672052245395        216.96615875349113     
   1.0000002588031156        216.96621490500900        216.96615875349113     
   1.0000000258791426        216.96616436838931        216.96615875349113     
   1.0000000025879026        216.96615931497843        216.96615875349113     
   1.0000000002587901        216.96615880963984        216.96615875349113     
   1.0000000000258791        216.96615875910601        216.96615875349113     
   1.0000000000025879        216.96615875405263        216.96615875349113     
   1.0000000000002589        216.96615875354729        216.96615875349113     
 comp:           2
   1.0460914467871121       -21.491073586588744       -20.544163373665693     
   1.0043938963965637       -20.634432299083660       -20.544163373665693     
   1.0004373988375970       -20.553149366844735       -20.544163373665693     
   1.0000437201238805       -20.545061567033411       -20.544163373665693     
   1.0000043718149361       -20.544253188945980       -20.544163373665693     
   1.0000004371795193       -20.544172355153158       -20.544163373665693     
   1.0000000437179322       -20.544164271814033       -20.544163373665693     
   1.0000000043717929       -20.544163463480523       -20.544163373665693     
   1.0000000004371794       -20.544163382647177       -20.544163373665693     
   1.0000000000437179       -20.544163374563841       -20.544163373665693     
 comp:           3
   1.0000000000000000        91.746298601256882        91.746298601256882     
   1.0000000000000000        91.746298601256882        91.746298601256882     
   1.0000000000000000        91.746298601256882        91.746298601256882     
   1.0000000000000000        91.746298601256882        91.746298601256882     
   1.0000000000000000        91.746298601256882        91.746298601256882     
   1.0000000000000000        91.746298601256882        91.746298601256882     
   1.0000000000000000        91.746298601256882        91.746298601256882     
   1.0000000000000000        91.746298601256882        91.746298601256882     
   1.0000000000000000        91.746298601256882        91.746298601256882     
   1.0000000000000000        91.746298601256882        91.746298601256882     
 
 part:           5
 comp:           0
   32.482563355497597        0.0000000000000000     
   2.9534792612854295        0.0000000000000000     
  0.29269213808494121        0.0000000000000000     
   2.9242918752591496E-002   0.0000000000000000     
   2.9240291849002577E-003   0.0000000000000000     
   2.9240029184637726E-004   0.0000000000000000     
   2.9240002918461152E-005   0.0000000000000000     
   2.9240000291846094E-006   0.0000000000000000     
   2.9240000029184610E-007   0.0000000000000000     
   2.9240000002918471E-008   0.0000000000000000     
 comp:           1
 -0.11837185345504068       -0.0000000000000000     
  -1.1286313388904290E-002  -0.0000000000000000     
  -1.1235359117889492E-003  -0.0000000000000000     
  -1.1230301562324704E-004  -0.0000000000000000     
  -1.1229796182329295E-005  -0.0000000000000000     
  -1.1229745648082240E-006  -0.0000000000000000     
  -1.1229740594695053E-007  -0.0000000000000000     
  -1.1229740089356710E-008  -0.0000000000000000     
  -1.1229740038822882E-009  -0.0000000000000000     
  -1.1229740033769499E-010  -0.0000000000000000     
 comp:           2
   1.8934628613362479        0.0000000000000000     
  0.18053460024100265        0.0000000000000000     
   1.7971954144977046E-002   0.0000000000000000     
   1.7963864135949090E-003   0.0000000000000000     
   1.7963055735789558E-004   0.0000000000000000     
   1.7962974901776039E-005   0.0000000000000000     
   1.7962966818434705E-006   0.0000000000000000     
   1.7962966010101171E-007   0.0000000000000000     
   1.7962965929267828E-008   0.0000000000000000     
   1.7962965921184493E-009   0.0000000000000000     
 comp:           3
  -32.427113788324810       -0.0000000000000000     
  -2.9479348066212450       -0.0000000000000000     
 -0.29213769737574102       -0.0000000000000000     
  -2.9187474729006631E-002  -0.0000000000000000     
  -2.9184847830148884E-003  -0.0000000000000000     
  -2.9184585166257124E-004  -0.0000000000000000     
  -2.9184558900127859E-005  -0.0000000000000000     
  -2.9184556273517539E-006  -0.0000000000000000     
  -2.9184556010856527E-007  -0.0000000000000000     
  -2.9184555984590430E-008  -0.0000000000000000     
 
 part: i_fks reduced
 comp:           0
   1.1108947795997810        324.82563355497592        292.39999999999998     
   1.0100818267050033        295.34792612854295        292.39999999999998     
   1.0009991042576649        292.69213808494118        292.39999999999998     
   1.0000998205400649        292.42918752591493        292.39999999999998     
   1.0000099811560388        292.40291849002574        292.39999999999998     
   1.0000009981066251        292.40029184637717        292.39999999999998     
   1.0000000998105729        292.40002918461147        292.39999999999998     
   1.0000000099810564        292.40000291846087        292.39999999999998     
   1.0000000009981056        292.40000029184608        292.39999999999998     
   1.0000000000998106        292.40000002918458        292.39999999999998     
 comp:           1
   1.0540925533894598       -1.1837185345504069       -1.1229740033208009     
   1.0050378152592121       -1.1286313388904290       -1.1229740033208009     
   1.0005003753127737       -1.1235359117889492       -1.1229740033208009     
   1.0000500037503124       -1.1230301562324703       -1.1229740033208009     
   1.0000050000375003       -1.1229796182329292       -1.1229740033208009     
   1.0000005000003751       -1.1229745648082237       -1.1229740033208009     
   1.0000000500000037       -1.1229740594695052       -1.1229740033208009     
   1.0000000050000000       -1.1229740089356708       -1.1229740033208009     
   1.0000000005000000       -1.1229740038822880       -1.1229740033208009     
   1.0000000000500000       -1.1229740033769495       -1.1229740033208009     
 comp:           2
   1.0540925533894598        18.934628613362477        17.962965920286340     
   1.0050378152592121        18.053460024100264        17.962965920286340     
   1.0005003753127735        17.971954144977044        17.962965920286340     
   1.0000500037503124        17.963864135949088        17.962965920286340     
   1.0000050000375003        17.963055735789556        17.962965920286340     
   1.0000005000003749        17.962974901776036        17.962965920286340     
   1.0000000500000037        17.962966818434701        17.962965920286340     
   1.0000000050000000        17.962966010101169        17.962965920286340     
   1.0000000005000000        17.962965929267824        17.962965920286340     
   1.0000000000500000        17.962965921184487        17.962965920286340     
 comp:           3
   1.1111052643284753       -324.27113788324812       -291.84555981671963     
   1.0101009617801149       -294.79348066212452       -291.84555981671963     
   1.0010010005264596       -292.13769737574103       -291.84555981671963     
   1.0001000099962631       -291.87474729006630       -291.84555981671963     
   1.0000100000999534       -291.84847830148880       -291.84555981671963     
   1.0000010000009996       -291.84585166257119       -291.84555981671963     
   1.0000001000000101       -291.84558900127854       -291.84555981671963     
   1.0000000100000004       -291.84556273517535       -291.84555981671963     
   1.0000000010000001       -291.84556010856522       -291.84555981671963     
   1.0000000001000002       -291.84555984590423       -291.84555981671963     
 
 part: i_fks full/reduced
 comp:           0
  0.10000000000000002        32.482563355497597        324.82563355497592     
   1.0000000000000000E-002   2.9534792612854295        295.34792612854295     
   1.0000000000000000E-003  0.29269213808494121        292.69213808494118     
   1.0000000000000000E-004   2.9242918752591496E-002   292.42918752591493     
   1.0000000000000001E-005   2.9240291849002577E-003   292.40291849002574     
   1.0000000000000004E-006   2.9240029184637726E-004   292.40029184637717     
   1.0000000000000002E-007   2.9240002918461152E-005   292.40002918461147     
   1.0000000000000002E-008   2.9240000291846094E-006   292.40000291846087     
   1.0000000000000001E-009   2.9240000029184610E-007   292.40000029184608     
   1.0000000000000004E-010   2.9240000002918471E-008   292.40000002918458     
 comp:           1
   9.9999999999999992E-002 -0.11837185345504068       -1.1837185345504069     
   1.0000000000000000E-002  -1.1286313388904290E-002  -1.1286313388904290     
   1.0000000000000000E-003  -1.1235359117889492E-003  -1.1235359117889492     
   1.0000000000000000E-004  -1.1230301562324704E-004  -1.1230301562324703     
   1.0000000000000003E-005  -1.1229796182329295E-005  -1.1229796182329292     
   1.0000000000000002E-006  -1.1229745648082240E-006  -1.1229745648082237     
   1.0000000000000001E-007  -1.1229740594695053E-007  -1.1229740594695052     
   1.0000000000000002E-008  -1.1229740089356710E-008  -1.1229740089356708     
   1.0000000000000003E-009  -1.1229740038822882E-009  -1.1229740038822880     
   1.0000000000000003E-010  -1.1229740033769499E-010  -1.1229740033769495     
 comp:           2
  0.10000000000000001        1.8934628613362479        18.934628613362477     
   1.0000000000000000E-002  0.18053460024100265        18.053460024100264     
   1.0000000000000000E-003   1.7971954144977046E-002   17.971954144977044     
   1.0000000000000002E-004   1.7963864135949090E-003   17.963864135949088     
   1.0000000000000001E-005   1.7963055735789558E-004   17.963055735789556     
   1.0000000000000002E-006   1.7962974901776039E-005   17.962974901776036     
   1.0000000000000002E-007   1.7962966818434705E-006   17.962966818434701     
   1.0000000000000000E-008   1.7962966010101171E-007   17.962966010101169     
   1.0000000000000003E-009   1.7962965929267828E-008   17.962965929267824     
   1.0000000000000003E-010   1.7962965921184493E-009   17.962965921184487     
 comp:           3
   9.9999999999999992E-002  -32.427113788324810       -324.27113788324812     
   9.9999999999999985E-003  -2.9479348066212450       -294.79348066212452     
   1.0000000000000000E-003 -0.29213769737574102       -292.13769737574103     
   1.0000000000000000E-004  -2.9187474729006631E-002  -291.87474729006630     
   1.0000000000000001E-005  -2.9184847830148884E-003  -291.84847830148880     
   1.0000000000000002E-006  -2.9184585166257124E-004  -291.84585166257119     
   1.0000000000000002E-007  -2.9184558900127859E-005  -291.84558900127854     
   1.0000000000000002E-008  -2.9184556273517539E-006  -291.84556273517535     
   1.0000000000000001E-009  -2.9184556010856527E-007  -291.84556010856522     
   1.0000000000000002E-010  -2.9184555984590430E-008  -291.84555984590423     
     
 Collinear #          21
 
 part:           1
 comp:           0
   1.0000004884201077        292.40014281403944        292.39999999999992     
   1.0000000468002790        292.40001368440147        292.39999999999992     
   1.0000000046605391        292.40000136274153        292.39999999999992     
   1.0000000004658602        292.40000013621744        292.39999999999992     
   1.0000000000465841        292.40000001362108        292.39999999999992     
   1.0000000000046587        292.40000000136212        292.39999999999992     
   1.0000000000004661        292.40000000013617        292.39999999999992     
   1.0000000000000471        292.40000000001368        292.39999999999992     
   1.0000000000000049        292.40000000000134        292.39999999999992     
   1.0000000000000007        292.40000000000009        292.39999999999992     
 comp:           1
   0.0000000000000000        0.0000000000000000     
   0.0000000000000000        0.0000000000000000     
   0.0000000000000000        0.0000000000000000     
   0.0000000000000000        0.0000000000000000     
   0.0000000000000000        0.0000000000000000     
   0.0000000000000000        0.0000000000000000     
   0.0000000000000000        0.0000000000000000     
   0.0000000000000000        0.0000000000000000     
   0.0000000000000000        0.0000000000000000     
   0.0000000000000000        0.0000000000000000     
 comp:           2
   0.0000000000000000        0.0000000000000000     
   0.0000000000000000        0.0000000000000000     
   0.0000000000000000        0.0000000000000000     
   0.0000000000000000        0.0000000000000000     
   0.0000000000000000        0.0000000000000000     
   0.0000000000000000        0.0000000000000000     
   0.0000000000000000        0.0000000000000000     
   0.0000000000000000        0.0000000000000000     
   0.0000000000000000        0.0000000000000000     
   0.0000000000000000        0.0000000000000000     
 comp:           3
   1.0000004884201077        292.40014281403944        292.39999999999992     
   1.0000000468002790        292.40001368440147        292.39999999999992     
   1.0000000046605391        292.40000136274153        292.39999999999992     
   1.0000000004658602        292.40000013621744        292.39999999999992     
   1.0000000000465841        292.40000001362108        292.39999999999992     
   1.0000000000046587        292.40000000136212        292.39999999999992     
   1.0000000000004661        292.40000000013617        292.39999999999992     
   1.0000000000000471        292.40000000001368        292.39999999999992     
   1.0000000000000049        292.40000000000134        292.39999999999992     
   1.0000000000000007        292.40000000000009        292.39999999999992     
 
 part:           2
 comp:           0
  0.99999996321325191        292.40271347867633        292.40272423522168     
  0.99999999648874127        292.40272320852006        292.40272423522168     
  0.99999999965046560        292.40272413301687        292.40272423522168     
  0.99999999996506239        292.40272422500584        292.40272423522168     
  0.99999999999650624        292.40272423420009        292.40272423522168     
  0.99999999999965083        292.40272423511959        292.40272423522168     
  0.99999999999996525        292.40272423521151        292.40272423522168     
  0.99999999999999667        292.40272423522072        292.40272423522168     
  0.99999999999999978        292.40272423522163        292.40272423522168     
   1.0000000000000000        292.40272423522168        292.40272423522168     
 comp:           1
   0.0000000000000000        0.0000000000000000     
   0.0000000000000000        0.0000000000000000     
   0.0000000000000000        0.0000000000000000     
   0.0000000000000000        0.0000000000000000     
   0.0000000000000000        0.0000000000000000     
   0.0000000000000000        0.0000000000000000     
   0.0000000000000000        0.0000000000000000     
   0.0000000000000000        0.0000000000000000     
   0.0000000000000000        0.0000000000000000     
   0.0000000000000000        0.0000000000000000     
 comp:           2
   0.0000000000000000        0.0000000000000000     
   0.0000000000000000        0.0000000000000000     
   0.0000000000000000        0.0000000000000000     
   0.0000000000000000        0.0000000000000000     
   0.0000000000000000        0.0000000000000000     
   0.0000000000000000        0.0000000000000000     
   0.0000000000000000        0.0000000000000000     
   0.0000000000000000        0.0000000000000000     
   0.0000000000000000        0.0000000000000000     
   0.0000000000000000        0.0000000000000000     
 comp:           3
  0.99999996321325191       -292.40271347867633       -292.40272423522168     
  0.99999999648874127       -292.40272320852006       -292.40272423522168     
  0.99999999965046560       -292.40272413301687       -292.40272423522168     
  0.99999999996506239       -292.40272422500584       -292.40272423522168     
  0.99999999999650624       -292.40272423420009       -292.40272423522168     
  0.99999999999965083       -292.40272423511959       -292.40272423522168     
  0.99999999999996525       -292.40272423521151       -292.40272423522168     
  0.99999999999999667       -292.40272423522072       -292.40272423522168     
  0.99999999999999978       -292.40272423522163       -292.40272423522168     
   1.0000000000000000       -292.40272423522168       -292.40272423522168     
 
 part:           3
 comp:           0
   1.0000000748839268        292.40002189606020        292.39999999999998     
   1.0000000232211796        292.40000678987292        292.39999999999998     
   1.0000000073290729        292.40000214302091        292.39999999999998     
   1.0000000023172084        292.40000067755170        292.39999999999998     
   1.0000000007327512        292.40000021425641        292.39999999999998     
   1.0000000002317155        292.40000006775358        292.39999999999998     
   1.0000000000732749        292.40000002142557        292.39999999999998     
   1.0000000000231717        292.40000000677537        292.39999999999998     
   1.0000000000073275        292.40000000214252        292.39999999999998     
   1.0000000000023170        292.40000000067749        292.39999999999998     
 comp:           1
  0.99999828909498156        138.02038216487989        138.02061830504840     
  0.99999946944473550        138.02054507748275        138.02061830504840     
  0.99999983254497748        138.02059519280266        138.02061830504840     
  0.99999994705620132        138.02061099771257        138.02061830504840     
  0.99999998325802097        138.02061599431011        138.02061830504840     
  0.99999999470573164        138.02061757433020        138.02061830504840     
  0.99999999832580577        138.02061807397507        138.02061830504840     
  0.99999999947057316        138.02061823197658        138.02061830504840     
  0.99999999983258059        138.02061828194107        138.02061830504840     
  0.99999999994705724        138.02061829774121        138.02061830504840     
 comp:           2
   1.0000085078519414       -67.700987307896924       -67.700411322821012     
   1.0000026383028793       -67.700589937011131       -67.700411322821012     
   1.0000008327069725       -67.700467697425566       -67.700411322821012     
   1.0000002632746972       -67.700429146626306       -67.700411322821012     
   1.0000000832531770       -67.700416959095335       -67.700411322821012     
   1.0000000263269160       -67.700413105164046       -67.700411322821012     
   1.0000000083253002       -67.700411886447256       -67.700411322821012     
   1.0000000026326910       -67.700411501055271       -67.700411322821012     
   1.0000000008325300       -67.700411379183635       -67.700411322821012     
   1.0000000002632690       -67.700411340644436       -67.700411322821012     
 comp:           3
   1.0000000000000000        179.66837014180587        179.66837014180587     
   1.0000000000000000        179.66837014180587        179.66837014180587     
   1.0000000000000000        179.66837014180587        179.66837014180587     
   1.0000000000000000        179.66837014180587        179.66837014180587     
   1.0000000000000000        179.66837014180587        179.66837014180587     
   1.0000000000000000        179.66837014180587        179.66837014180587     
   1.0000000000000000        179.66837014180587        179.66837014180587     
   1.0000000000000000        179.66837014180587        179.66837014180587     
   1.0000000000000000        179.66837014180587        179.66837014180587     
   1.0000000000000000        179.66837014180587        179.66837014180587     
 
 part:           4
 comp:           0
  0.99999992512060543        292.39997810526501        292.39999999999998     
  0.99999997677925578        292.39999321025437        292.39999999999998     
  0.99999999267097062        292.39999785699177        292.39999999999998     
  0.99999999768279590        292.39999932244950        292.39999999999998     
  0.99999999926724925        292.39999978574366        292.39999999999998     
  0.99999999976828413        292.39999993224626        292.39999999999998     
  0.99999999992672506        292.39999997857439        292.39999999999998     
  0.99999999997682831        292.39999999322458        292.39999999999998     
  0.99999999999267253        292.39999999785744        292.39999999999998     
  0.99999999999768296        292.39999999932246        292.39999999999998     
 comp:           1
   1.0000017109048904       -138.02085444519923       -138.02061830504840     
   1.0000005305552522       -138.02069153261235       -138.02061830504840     
   1.0000001674550212       -138.02064141729397       -138.02061830504840     
   1.0000000529437985       -138.02062561238421       -138.02061830504840     
   1.0000000167419789       -138.02062061578670       -138.02061830504840     
   1.0000000052942684       -138.02061903576660       -138.02061830504840     
   1.0000000016741943       -138.02061853612173       -138.02061830504840     
   1.0000000005294267       -138.02061837812022       -138.02061830504840     
   1.0000000001674194       -138.02061832815573       -138.02061830504840     
   1.0000000000529428       -138.02061831235559       -138.02061830504840     
 comp:           2
  0.99999149214869554        67.699835337788230        67.700411322821012     
  0.99999736169718201        67.700232708635042        67.700411322821012     
  0.99999916729303351        67.700354948216869        67.700411322821012     
  0.99999973672530340        67.700393499015760        67.700411322821012     
  0.99999991674682309        67.700405686546688        67.700411322821012     
  0.99999997367308413        67.700409540477978        67.700411322821012     
  0.99999999167469988        67.700410759194767        67.700411322821012     
  0.99999999736730905        67.700411144586752        67.700411322821012     
  0.99999999916746996        67.700411266458389        67.700411322821012     
  0.99999999973673093        67.700411304997587        67.700411322821012     
 comp:           3
   1.0000000000000000       -179.66837014180587       -179.66837014180587     
   1.0000000000000000       -179.66837014180587       -179.66837014180587     
   1.0000000000000000       -179.66837014180587       -179.66837014180587     
   1.0000000000000000       -179.66837014180587       -179.66837014180587     
   1.0000000000000000       -179.66837014180587       -179.66837014180587     
   1.0000000000000000       -179.66837014180587       -179.66837014180587     
   1.0000000000000000       -179.66837014180587       -179.66837014180587     
   1.0000000000000000       -179.66837014180587       -179.66837014180587     
   1.0000000000000000       -179.66837014180587       -179.66837014180587     
   1.0000000000000000       -179.66837014180587       -179.66837014180587     
 
 part:           5
 comp:           0
   1.0484745838405933        2.8562913903883908E-003   2.7242352217310899E-003
   1.0046462847067696        2.7368927941794621E-003   2.7242352217310899E-003
   1.0004627074650074        2.7254957457046210E-003   2.7242352217310899E-003
   1.0000462516230844        2.7243612220317587E-003   2.7242352217310899E-003
   1.0000046249711612        2.7242478212404267E-003   2.7242352217310899E-003
   1.0000004624952046        2.7242364816768162E-003   2.7242352217310899E-003
   1.0000000462495016        2.7242353477256111E-003   2.7242352217310899E-003
   1.0000000046249506        2.7242352343305430E-003   2.7242352217310899E-003
   1.0000000004624945        2.7242352229910338E-003   2.7242352217310899E-003
   1.0000000000462492        2.7242352218570837E-003   2.7242352217310899E-003
 comp:           1
   4.7228031933714055E-004   0.0000000000000000     
   1.4645512957323970E-004   0.0000000000000000     
   4.6224491318151816E-005   0.0000000000000000     
   1.4614671651890964E-005   0.0000000000000000     
   4.6214765780915940E-006   0.0000000000000000     
   1.4614364189873940E-006   0.0000000000000000     
   4.6214668544396071E-007   0.0000000000000000     
   1.4614361147744384E-007   0.0000000000000000     
   4.6214666941417928E-008   0.0000000000000000     
   1.4614361689273549E-008   0.0000000000000000     
 comp:           2
   1.1519701086906235E-003   0.0000000000000000     
   3.5722837608303582E-004   0.0000000000000000     
   1.1274920869596473E-004   0.0000000000000000     
   3.5647610543958224E-005   0.0000000000000000     
   1.1272548649597467E-005   0.0000000000000000     
   3.5646860593052650E-006   0.0000000000000000     
   1.1272524931995912E-006   0.0000000000000000     
   3.5646853172793602E-007   0.0000000000000000     
   1.1272524541002930E-007   0.0000000000000000     
   3.5646854493673143E-008   0.0000000000000000     
 comp:           3
  0.94362800113713363       -2.5706646369094842E-003  -2.7242352217310899E-003
  0.99459991448889740       -2.7095241185813843E-003  -2.7242352217310899E-003
  0.99946225406890599       -2.7227702753252611E-003  -2.7242352217310899E-003
  0.99994624792954057       -2.7240887884475034E-003  -2.7242352217310899E-003
  0.99999462501807823       -2.7242205790160225E-003  -2.7242352217310899E-003
  0.99999946250405891       -2.7242337574657155E-003  -2.7242352217310899E-003
  0.99999994625042876       -2.7242350753046147E-003  -2.7242352217310899E-003
  0.99999999462504374       -2.7242352070884447E-003  -2.7242352217310899E-003
  0.99999999946250373       -2.7242352202668236E-003  -2.7242352217310899E-003
  0.99999999994625022       -2.7242352215846627E-003  -2.7242352217310899E-003
 
 part: i_fks+j_fks
 comp:           0
   1.0000004148336632        292.40556977006673        292.40544847044339     
   1.0000000397765190        292.40546010131425        292.40544847044339     
   1.0000000039613461        292.40544962876260        292.40544847044339     
   1.0000000003959724        292.40544858622786        292.40544847044339     
   1.0000000000395954        292.40544848202131        292.40544847044339     
   1.0000000000039599        292.40544847160129        292.40544847044339     
   1.0000000000003961        292.40544847055924        292.40544847044339     
   1.0000000000000397        292.40544847045504        292.40544847044339     
   1.0000000000000042        292.40544847044464        292.40544847044339     
   1.0000000000000007        292.40544847044356        292.40544847044339     
 comp:           1
   4.7228031933714055E-004   0.0000000000000000     
   1.4645512957323970E-004   0.0000000000000000     
   4.6224491318151816E-005   0.0000000000000000     
   1.4614671651890964E-005   0.0000000000000000     
   4.6214765780915940E-006   0.0000000000000000     
   1.4614364189873940E-006   0.0000000000000000     
   4.6214668544396071E-007   0.0000000000000000     
   1.4614361147744384E-007   0.0000000000000000     
   4.6214666941417928E-008   0.0000000000000000     
   1.4614361689273549E-008   0.0000000000000000     
 comp:           2
   1.1519701086906235E-003   0.0000000000000000     
   3.5722837608303582E-004   0.0000000000000000     
   1.1274920869596473E-004   0.0000000000000000     
   3.5647610543958224E-005   0.0000000000000000     
   1.1272548649597467E-005   0.0000000000000000     
   3.5646860593052650E-006   0.0000000000000000     
   1.1272524931995912E-006   0.0000000000000000     
   3.5646853172793602E-007   0.0000000000000000     
   1.1272524541002930E-007   0.0000000000000000     
   3.5646854493673143E-008   0.0000000000000000     
 comp:           3
  0.99999943801618263       -292.40528414331322       -292.40544847044339     
  0.99999994617814125       -292.40543273263864       -292.40544847044339     
  0.99999999464048572       -292.40544690329222       -292.40544847044339     
  0.99999999946427431       -292.40544831379430       -292.40544847044339     
  0.99999999994642963       -292.40544845477910       -292.40544847044339     
  0.99999999999464328       -292.40544846887707       -292.40544847044339     
  0.99999999999946443       -292.40544847028679       -292.40544847044339     
  0.99999999999994671       -292.40544847042781       -292.40544847044339     
  0.99999999999999489       -292.40544847044191       -292.40544847044339     
  0.99999999999999956       -292.40544847044328       -292.40544847044339     
     
 Collinear #          21
 
 part:           1
 comp:           0
   1.0000004884201077        292.40014281403944        292.39999999999992     
   1.0000000468002790        292.40001368440147        292.39999999999992     
   1.0000000046605391        292.40000136274153        292.39999999999992     
   1.0000000004658602        292.40000013621744        292.39999999999992     
   1.0000000000465841        292.40000001362108        292.39999999999992     
   1.0000000000046587        292.40000000136212        292.39999999999992     
   1.0000000000004661        292.40000000013617        292.39999999999992     
   1.0000000000000471        292.40000000001368        292.39999999999992     
   1.0000000000000049        292.40000000000134        292.39999999999992     
   1.0000000000000007        292.40000000000009        292.39999999999992     
 comp:           1
   0.0000000000000000        0.0000000000000000     
   0.0000000000000000        0.0000000000000000     
   0.0000000000000000        0.0000000000000000     
   0.0000000000000000        0.0000000000000000     
   0.0000000000000000        0.0000000000000000     
   0.0000000000000000        0.0000000000000000     
   0.0000000000000000        0.0000000000000000     
   0.0000000000000000        0.0000000000000000     
   0.0000000000000000        0.0000000000000000     
   0.0000000000000000        0.0000000000000000     
 comp:           2
   0.0000000000000000        0.0000000000000000     
   0.0000000000000000        0.0000000000000000     
   0.0000000000000000        0.0000000000000000     
   0.0000000000000000        0.0000000000000000     
   0.0000000000000000        0.0000000000000000     
   0.0000000000000000        0.0000000000000000     
   0.0000000000000000        0.0000000000000000     
   0.0000000000000000        0.0000000000000000     
   0.0000000000000000        0.0000000000000000     
   0.0000000000000000        0.0000000000000000     
 comp:           3
   1.0000004884201077        292.40014281403944        292.39999999999992     
   1.0000000468002790        292.40001368440147        292.39999999999992     
   1.0000000046605391        292.40000136274153        292.39999999999992     
   1.0000000004658602        292.40000013621744        292.39999999999992     
   1.0000000000465841        292.40000001362108        292.39999999999992     
   1.0000000000046587        292.40000000136212        292.39999999999992     
   1.0000000000004661        292.40000000013617        292.39999999999992     
   1.0000000000000471        292.40000000001368        292.39999999999992     
   1.0000000000000049        292.40000000000134        292.39999999999992     
   1.0000000000000007        292.40000000000009        292.39999999999992     
 
 part:           2
 comp:           0
  0.99999996321325191        292.40271347867633        292.40272423522168     
  0.99999999648874127        292.40272320852006        292.40272423522168     
  0.99999999965046560        292.40272413301687        292.40272423522168     
  0.99999999996506239        292.40272422500584        292.40272423522168     
  0.99999999999650624        292.40272423420009        292.40272423522168     
  0.99999999999965083        292.40272423511959        292.40272423522168     
  0.99999999999996525        292.40272423521151        292.40272423522168     
  0.99999999999999667        292.40272423522072        292.40272423522168     
  0.99999999999999978        292.40272423522163        292.40272423522168     
   1.0000000000000000        292.40272423522168        292.40272423522168     
 comp:           1
   0.0000000000000000        0.0000000000000000     
   0.0000000000000000        0.0000000000000000     
   0.0000000000000000        0.0000000000000000     
   0.0000000000000000        0.0000000000000000     
   0.0000000000000000        0.0000000000000000     
   0.0000000000000000        0.0000000000000000     
   0.0000000000000000        0.0000000000000000     
   0.0000000000000000        0.0000000000000000     
   0.0000000000000000        0.0000000000000000     
   0.0000000000000000        0.0000000000000000     
 comp:           2
   0.0000000000000000        0.0000000000000000     
   0.0000000000000000        0.0000000000000000     
   0.0000000000000000        0.0000000000000000     
   0.0000000000000000        0.0000000000000000     
   0.0000000000000000        0.0000000000000000     
   0.0000000000000000        0.0000000000000000     
   0.0000000000000000        0.0000000000000000     
   0.0000000000000000        0.0000000000000000     
   0.0000000000000000        0.0000000000000000     
   0.0000000000000000        0.0000000000000000     
 comp:           3
  0.99999996321325191       -292.40271347867633       -292.40272423522168     
  0.99999999648874127       -292.40272320852006       -292.40272423522168     
  0.99999999965046560       -292.40272413301687       -292.40272423522168     
  0.99999999996506239       -292.40272422500584       -292.40272423522168     
  0.99999999999650624       -292.40272423420009       -292.40272423522168     
  0.99999999999965083       -292.40272423511959       -292.40272423522168     
  0.99999999999996525       -292.40272423521151       -292.40272423522168     
  0.99999999999999667       -292.40272423522072       -292.40272423522168     
  0.99999999999999978       -292.40272423522163       -292.40272423522168     
   1.0000000000000000       -292.40272423522168       -292.40272423522168     
 
 part:           3
 comp:           0
   1.0000000748839268        292.40002189606020        292.39999999999998     
   1.0000000232211796        292.40000678987292        292.39999999999998     
   1.0000000073290729        292.40000214302091        292.39999999999998     
   1.0000000023172084        292.40000067755170        292.39999999999998     
   1.0000000007327512        292.40000021425641        292.39999999999998     
   1.0000000002317155        292.40000006775358        292.39999999999998     
   1.0000000000732749        292.40000002142557        292.39999999999998     
   1.0000000000231717        292.40000000677537        292.39999999999998     
   1.0000000000073275        292.40000000214252        292.39999999999998     
   1.0000000000023170        292.40000000067749        292.39999999999998     
 comp:           1
  0.99999828909498156        138.02038216487989        138.02061830504840     
  0.99999946944473550        138.02054507748275        138.02061830504840     
  0.99999983254497748        138.02059519280266        138.02061830504840     
  0.99999994705620132        138.02061099771257        138.02061830504840     
  0.99999998325802097        138.02061599431011        138.02061830504840     
  0.99999999470573164        138.02061757433020        138.02061830504840     
  0.99999999832580577        138.02061807397507        138.02061830504840     
  0.99999999947057316        138.02061823197658        138.02061830504840     
  0.99999999983258059        138.02061828194107        138.02061830504840     
  0.99999999994705724        138.02061829774121        138.02061830504840     
 comp:           2
   1.0000085078519414       -67.700987307896924       -67.700411322821012     
   1.0000026383028793       -67.700589937011131       -67.700411322821012     
   1.0000008327069725       -67.700467697425566       -67.700411322821012     
   1.0000002632746972       -67.700429146626306       -67.700411322821012     
   1.0000000832531770       -67.700416959095335       -67.700411322821012     
   1.0000000263269160       -67.700413105164046       -67.700411322821012     
   1.0000000083253002       -67.700411886447256       -67.700411322821012     
   1.0000000026326910       -67.700411501055271       -67.700411322821012     
   1.0000000008325300       -67.700411379183635       -67.700411322821012     
   1.0000000002632690       -67.700411340644436       -67.700411322821012     
 comp:           3
   1.0000000000000000        179.66837014180587        179.66837014180587     
   1.0000000000000000        179.66837014180587        179.66837014180587     
   1.0000000000000000        179.66837014180587        179.66837014180587     
   1.0000000000000000        179.66837014180587        179.66837014180587     
   1.0000000000000000        179.66837014180587        179.66837014180587     
   1.0000000000000000        179.66837014180587        179.66837014180587     
   1.0000000000000000        179.66837014180587        179.66837014180587     
   1.0000000000000000        179.66837014180587        179.66837014180587     
   1.0000000000000000        179.66837014180587        179.66837014180587     
   1.0000000000000000        179.66837014180587        179.66837014180587     
 
 part:           4
 comp:           0
  0.99999992512060543        292.39997810526501        292.39999999999998     
  0.99999997677925578        292.39999321025437        292.39999999999998     
  0.99999999267097062        292.39999785699177        292.39999999999998     
  0.99999999768279590        292.39999932244950        292.39999999999998     
  0.99999999926724925        292.39999978574366        292.39999999999998     
  0.99999999976828413        292.39999993224626        292.39999999999998     
  0.99999999992672506        292.39999997857439        292.39999999999998     
  0.99999999997682831        292.39999999322458        292.39999999999998     
  0.99999999999267253        292.39999999785744        292.39999999999998     
  0.99999999999768296        292.39999999932246        292.39999999999998     
 comp:           1
   1.0000017109048904       -138.02085444519923       -138.02061830504840     
   1.0000005305552522       -138.02069153261235       -138.02061830504840     
   1.0000001674550212       -138.02064141729397       -138.02061830504840     
   1.0000000529437985       -138.02062561238421       -138.02061830504840     
   1.0000000167419789       -138.02062061578670       -138.02061830504840     
   1.0000000052942684       -138.02061903576660       -138.02061830504840     
   1.0000000016741943       -138.02061853612173       -138.02061830504840     
   1.0000000005294267       -138.02061837812022       -138.02061830504840     
   1.0000000001674194       -138.02061832815573       -138.02061830504840     
   1.0000000000529428       -138.02061831235559       -138.02061830504840     
 comp:           2
  0.99999149214869554        67.699835337788230        67.700411322821012     
  0.99999736169718201        67.700232708635042        67.700411322821012     
  0.99999916729303351        67.700354948216869        67.700411322821012     
  0.99999973672530340        67.700393499015760        67.700411322821012     
  0.99999991674682309        67.700405686546688        67.700411322821012     
  0.99999997367308413        67.700409540477978        67.700411322821012     
  0.99999999167469988        67.700410759194767        67.700411322821012     
  0.99999999736730905        67.700411144586752        67.700411322821012     
  0.99999999916746996        67.700411266458389        67.700411322821012     
  0.99999999973673093        67.700411304997587        67.700411322821012     
 comp:           3
   1.0000000000000000       -179.66837014180587       -179.66837014180587     
   1.0000000000000000       -179.66837014180587       -179.66837014180587     
   1.0000000000000000       -179.66837014180587       -179.66837014180587     
   1.0000000000000000       -179.66837014180587       -179.66837014180587     
   1.0000000000000000       -179.66837014180587       -179.66837014180587     
   1.0000000000000000       -179.66837014180587       -179.66837014180587     
   1.0000000000000000       -179.66837014180587       -179.66837014180587     
   1.0000000000000000       -179.66837014180587       -179.66837014180587     
   1.0000000000000000       -179.66837014180587       -179.66837014180587     
   1.0000000000000000       -179.66837014180587       -179.66837014180587     
 
 part:           5
 comp:           0
   1.0484745838405933        2.8562913903883908E-003   2.7242352217310899E-003
   1.0046462847067696        2.7368927941794621E-003   2.7242352217310899E-003
   1.0004627074650074        2.7254957457046210E-003   2.7242352217310899E-003
   1.0000462516230844        2.7243612220317587E-003   2.7242352217310899E-003
   1.0000046249711612        2.7242478212404267E-003   2.7242352217310899E-003
   1.0000004624952046        2.7242364816768162E-003   2.7242352217310899E-003
   1.0000000462495016        2.7242353477256111E-003   2.7242352217310899E-003
   1.0000000046249506        2.7242352343305430E-003   2.7242352217310899E-003
   1.0000000004624945        2.7242352229910338E-003   2.7242352217310899E-003
   1.0000000000462492        2.7242352218570837E-003   2.7242352217310899E-003
 comp:           1
   4.7228031933714055E-004   0.0000000000000000     
   1.4645512957323970E-004   0.0000000000000000     
   4.6224491318151816E-005   0.0000000000000000     
   1.4614671651890964E-005   0.0000000000000000     
   4.6214765780915940E-006   0.0000000000000000     
   1.4614364189873940E-006   0.0000000000000000     
   4.6214668544396071E-007   0.0000000000000000     
   1.4614361147744384E-007   0.0000000000000000     
   4.6214666941417928E-008   0.0000000000000000     
   1.4614361689273549E-008   0.0000000000000000     
 comp:           2
   1.1519701086906235E-003   0.0000000000000000     
   3.5722837608303582E-004   0.0000000000000000     
   1.1274920869596473E-004   0.0000000000000000     
   3.5647610543958224E-005   0.0000000000000000     
   1.1272548649597467E-005   0.0000000000000000     
   3.5646860593052650E-006   0.0000000000000000     
   1.1272524931995912E-006   0.0000000000000000     
   3.5646853172793602E-007   0.0000000000000000     
   1.1272524541002930E-007   0.0000000000000000     
   3.5646854493673143E-008   0.0000000000000000     
 comp:           3
  0.94362800113713363       -2.5706646369094842E-003  -2.7242352217310899E-003
  0.99459991448889740       -2.7095241185813843E-003  -2.7242352217310899E-003
  0.99946225406890599       -2.7227702753252611E-003  -2.7242352217310899E-003
  0.99994624792954057       -2.7240887884475034E-003  -2.7242352217310899E-003
  0.99999462501807823       -2.7242205790160225E-003  -2.7242352217310899E-003
  0.99999946250405891       -2.7242337574657155E-003  -2.7242352217310899E-003
  0.99999994625042876       -2.7242350753046147E-003  -2.7242352217310899E-003
  0.99999999462504374       -2.7242352070884447E-003  -2.7242352217310899E-003
  0.99999999946250373       -2.7242352202668236E-003  -2.7242352217310899E-003
  0.99999999994625022       -2.7242352215846627E-003  -2.7242352217310899E-003
 
 part: i_fks+j_fks
 comp:           0
   1.0000004148336632        292.40556977006673        292.40544847044339     
   1.0000000397765190        292.40546010131425        292.40544847044339     
   1.0000000039613461        292.40544962876260        292.40544847044339     
   1.0000000003959724        292.40544858622786        292.40544847044339     
   1.0000000000395954        292.40544848202131        292.40544847044339     
   1.0000000000039599        292.40544847160129        292.40544847044339     
   1.0000000000003961        292.40544847055924        292.40544847044339     
   1.0000000000000397        292.40544847045504        292.40544847044339     
   1.0000000000000042        292.40544847044464        292.40544847044339     
   1.0000000000000007        292.40544847044356        292.40544847044339     
 comp:           1
   4.7228031933714055E-004   0.0000000000000000     
   1.4645512957323970E-004   0.0000000000000000     
   4.6224491318151816E-005   0.0000000000000000     
   1.4614671651890964E-005   0.0000000000000000     
   4.6214765780915940E-006   0.0000000000000000     
   1.4614364189873940E-006   0.0000000000000000     
   4.6214668544396071E-007   0.0000000000000000     
   1.4614361147744384E-007   0.0000000000000000     
   4.6214666941417928E-008   0.0000000000000000     
   1.4614361689273549E-008   0.0000000000000000     
 comp:           2
   1.1519701086906235E-003   0.0000000000000000     
   3.5722837608303582E-004   0.0000000000000000     
   1.1274920869596473E-004   0.0000000000000000     
   3.5647610543958224E-005   0.0000000000000000     
   1.1272548649597467E-005   0.0000000000000000     
   3.5646860593052650E-006   0.0000000000000000     
   1.1272524931995912E-006   0.0000000000000000     
   3.5646853172793602E-007   0.0000000000000000     
   1.1272524541002930E-007   0.0000000000000000     
   3.5646854493673143E-008   0.0000000000000000     
 comp:           3
  0.99999943801618263       -292.40528414331322       -292.40544847044339     
  0.99999994617814125       -292.40543273263864       -292.40544847044339     
  0.99999999464048572       -292.40544690329222       -292.40544847044339     
  0.99999999946427431       -292.40544831379430       -292.40544847044339     
  0.99999999994642963       -292.40544845477910       -292.40544847044339     
  0.99999999999464328       -292.40544846887707       -292.40544847044339     
  0.99999999999946443       -292.40544847028679       -292.40544847044339     
  0.99999999999994671       -292.40544847042781       -292.40544847044339     
  0.99999999999999489       -292.40544847044191       -292.40544847044339     
  0.99999999999999956       -292.40544847044328       -292.40544847044339     
