  0.00000281968517223  0.00000908018922020  0.00001277198978606  0.00001593801614551
  0.00001884749534209  0.00002165658241421  0.00002444116391020  0.00002708103902555
  0.00002969885785233  0.00003232162174823  0.00003498414011898  0.00003769866789905
  0.00004046466983719  0.00004323228520211  0.00004589711673751  0.00004855906266504
  0.00005127003924913  0.00005401584974265  0.00005676612722316  0.00005956649755100
  0.00006233688340329  0.00006508173611642  0.00006782184430349  0.00007060454773721
  0.00007339267675774  0.00007621434887832  0.00007906109355707  0.00008193744732673
  0.00008489347389725  0.00008789716028708  0.00009116126658897  0.00009454770379538
  0.00009798987482103  0.00010149313192531  0.00010505201043686  0.00010867379682172
  0.00011232799182832  0.00011619548066948  0.00012021810914946  0.00012430688719346
  0.00012849070720374  0.00013286370332022  0.00013766913439788  0.00014278512087660
  0.00014816148286758  0.00015375983521921  0.00015962727364249  0.00016571697997099
  0.00017210772495495  0.00017897575938310  0.00018634561399883  0.00019420515892203
  0.00020262435400270  0.00021179071262728  0.00022182306975206  0.00023273990367841
  0.00024396713821515  0.00025550230473079  0.00026745737640720  0.00027999833891326
  0.00029343518152374  0.00030792361658576  0.00032351796534706  0.00033995082837308
  0.00035731991285071  0.00037612466736241  0.00039640276386910  0.00041837313777096
  0.00044135114625586  0.00046665398083983  0.00049468190495736  0.00052538829982509
  0.00055782517266467  0.00059135925151625  0.00062808089230673  0.00066849359996820
  0.00071353851709504  0.00076415690280063  0.00082001286673301  0.00088078031502124
  0.00094632744070409  0.00101418221364691  0.00108853064328448  0.00117593907020037
  0.00127798656321406  0.00140233334784928  0.00156166371619345  0.00175657786408777
  0.00198524310040133  0.00227477055303600  0.00265150770002843  0.00314722569471249
  0.00393748077282348  0.00544429290405020  0.08970450167699937  1.00000000000000000
 -0.00258393189360752  0.00991703792327347  0.01947259263582195  0.02938365170088997
  0.03942139575323612  0.05077004292461456  0.06258859344632207  0.07428968703815442
  0.08549335370917724  0.09547253809662819  0.10626782106349261  0.11704290769564937
  0.12788962600958534  0.13856089804368976  0.14939281056223719  0.16088671812420594
  0.17181603175588661  0.18248265336478894  0.19271125627744040  0.20275960422731290
  0.21273380944117440  0.22273697128321795  0.23260940306278122  0.24219922076645906
  0.25202871422787004  0.26202031348673893  0.27235539573548057  0.28237782659295696
  0.29309743453024684  0.30352973187230131  0.31372312827651527  0.32345242863764551
  0.33334269792561266  0.34368885002142940  0.35426953407637318  0.36456416792129054
  0.37477898674214166  0.38509963313550788  0.39519334142387047  0.40573122328434613
  0.41664823232758597  0.42902679098597940  0.44095985741575910  0.45212808709129926
  0.46270541845280816  0.47293378428283084  0.48300564943411028  0.49301895011390007
  0.50330468667419848  0.51395553020884599  0.52472861433988038  0.53533033600118085
  0.54656401661547371  0.55758105944922320  0.56839675465898887  0.57894678894341789
  0.58986616560856286  0.60122939316118140  0.61180449417572613  0.62197251900057759
  0.63229335244603235  0.64366954197373794  0.65411430194007891  0.66428534951275653
  0.67402583706105479  0.68404281076479445  0.69373086571886489  0.70275737629765889
  0.71197437348711667  0.72160934327963766  0.73125581867091449  0.74066039900353542
  0.74995093954685998  0.75951585248379050  0.76938883750915577  0.77975389608796064
  0.79043695069683750  0.80118765077785081  0.81234119685901474  0.82375325711728864
  0.83533912137295985  0.84666229610805943  0.85813851449230394  0.86984959565161113
  0.88120367927387411  0.89232874278986030  0.90324406522577072  0.91404301804578691
  0.92448957737622683  0.93488394799896524  0.94561567235551336  0.95678527677256897
  0.96790236834721810  0.97873336999019422  0.98954435468145707  1.00000000000000000
 -0.00557544438360353  0.04020608116855692  0.06839815720536647  0.09043901733525073
  0.10924886805498846  0.12678628024715899  0.14225006962975312  0.15607132588841530
  0.16928774948459510  0.18191957432583733  0.19381472433213023  0.20493220746554491
  0.21564752112173938  0.22592581745625465  0.23586822800999269  0.24563200692635218
  0.25566399300418691  0.26572271562569588  0.27561350058532302  0.28517098795884466
  0.29458914672175429  0.30390021088495622  0.31297812594051772  0.32190340303545745
  0.33075902180025868  0.33958078955186322  0.34816538671199559  0.35636884566712035
  0.36427698067463971  0.37208574516473852  0.37993103970085057  0.38783591393031813
  0.39580862730300320  0.40382552541878469  0.41173214779810624  0.41940704428707176
  0.42685308483680595  0.43412422010998464  0.44156432111758337  0.44929959942893605
  0.45703715427982849  0.46475193693161138  0.47271051269668013  0.48064889677516537
  0.48835949421873692  0.49596840014016236  0.50353234541321934  0.51129559016314330
  0.51918847629362352  0.52672556753660482  0.53421594249435522  0.54194483767303181
  0.54991396345039301  0.55796122010676996  0.56574165679359267  0.57328882882252119
  0.58077277769292823  0.58833395534288446  0.59592843983704091  0.60361063357946521
  0.61075380027063297  0.61806447639025885  0.62519268876326894  0.63298577769160780
  0.64078539949311319  0.64871783825889850  0.65656646170960709  0.66440467632077571
  0.67249642567359103  0.68094215746171349  0.68949075328458309  0.69785962518905320
  0.70612736856130798  0.71443942030142027  0.72280409712676963  0.73139553157964787
  0.74000213823307404  0.74848393388445222  0.75698761966452344  0.76537086855227399
  0.77396389850725089  0.78308400294743030  0.79231649430766049  0.80181831643320034
  0.81150569191153687  0.82147030771875396  0.83188492614205056  0.84255667356493780
  0.85363958515365101  0.86533611115302933  0.87763741429999309  0.89108253512230895
  0.90678698868458207  0.92624865160007208  0.95276018835782572  1.00000000000000000
 -0.02059269731280964  0.11977653655818218  0.15884940172838094  0.18428568607426860
  0.20379227399132196  0.21970665546121407  0.23352536078950575  0.24615870487707689
  0.25758107332703423  0.26796355106469388  0.27739691120342558  0.28640593285194188
  0.29506847609929920  0.30312856844720576  0.31106648937549042  0.31848956801706030
  0.32602198965846169  0.33352063429903744  0.34077807476246291  0.34742740982538722
  0.35365277957589086  0.35962469651085954  0.36553594158103092  0.37150023871886728
  0.37733257225892008  0.38302567031633239  0.38874048684547047  0.39448104599504263
  0.40015539511006182  0.40573265815465659  0.41118017930576689  0.41646871658787554
  0.42164568164006988  0.42675274932040896  0.43214520886699248  0.43733714304664728
  0.44256842012066883  0.44763294601634696  0.45255592881649825  0.45756146026184191
  0.46256464659493723  0.46750768541610266  0.47256854067368054  0.47763774517531260
  0.48280082529824409  0.48783052624212259  0.49266345710766946  0.49741966807262011
  0.50215419153792007  0.50700915568813576  0.51197453271126092  0.51695309719439630
  0.52201709475472413  0.52727544956100347  0.53258535681317576  0.53785428823518699
  0.54281739432907539  0.54768647939315362  0.55253023986982985  0.55780568700018918
  0.56302567857097419  0.56816921140214183  0.57300254379000404  0.57796700072646900
  0.58306214442026549  0.58842829503419591  0.59381734319142820  0.59899297530710272
  0.60404324290701383  0.60928327557016215  0.61494155499568248  0.62086810201279963
  0.62712128725003347  0.63371644109056924  0.64032759225113522  0.64721324783458967
  0.65412942435128552  0.66096300597582203  0.66771672012780015  0.67454199814140614
  0.68152376060826148  0.68867007535470037  0.69623593765687886  0.70417039147168892
  0.71279877311098272  0.72233750523238327  0.73203948246871042  0.74284872727379403
  0.75434186059568320  0.76714641985842014  0.78116485640755529  0.79681992724082829
  0.81514867694792181  0.83815152445142149  0.87695347786587508  1.00000000000000000
   6.0225799095776621E-012  -1.0000000000000000     
 F F F F F F F F F F F F F F F F
  <DiscreteSampler_grid>
  grouped_processes
  1 # 1 for a reference and 2 for a running grid.
  10 # Attribute 'min_bin_probing_points' of the grid.
  1 # Attribute 'grid_mode' of the grid. 1=='default',2=='initialization'
  0.0000000000000000 # Attribute 'small_contrib_threshold' of the grid.
  0.5000000000000000 # Attribute 'damping_power' of the grid.
 # binID   n_entries weight   weight_sqr   abs_weight
    10   10   -4.663564284648568E+000   2.089600290127281E+002   4.665146357031090E+000
    16   10   -4.661097760021399E+000   2.089600290127279E+002   4.665146357031088E+000
  </DiscreteSampler_grid>
