 -0.00380966841617784  0.02790427109355150  0.09648519144987351  0.10561131163550214
  0.10717026386574681  0.10872921609599148  0.11028816832623616  0.11184712055648083
  0.11340607278672550  0.11496502501697017  0.11652397724721485  0.11808292947745952
  0.11964188170770419  0.12120083393794887  0.12275978616819354  0.12431873839843821
  0.12587769062868290  0.12743664285892756  0.12899559508917224  0.13055454731941690
  0.13211349954966159  0.13367245177990625  0.13523140401015094  0.13679035624039559
  0.13834930847064028  0.13990826070088494  0.14146721293112963  0.14302616516137429
  0.14458511739161897  0.14614406962186363  0.14770302185210832  0.14926197408235303
  0.15082092631259772  0.15237987854284241  0.15393883077308709  0.15549778300333178
  0.15705673523357647  0.15861568746382115  0.16017463969406584  0.16173359192431053
  0.16329254415455524  0.16485149638479993  0.16641044861504461  0.25421071403325085
  0.29393494393655273  0.29746552285513955  0.30099610177372643  0.30452668069231331
  0.30805725961090019  0.31158783852948707  0.31426112431264469  0.31663576032639712
  0.31901039634014960  0.32138503235390203  0.32375966836765446  0.32613430438140689
  0.32850894039515932  0.33088357640891181  0.33325821242266424  0.33563284843641666
  0.33800748445016915  0.34038212046392163  0.34275675647767406  0.34513139249142655
  0.34750602850517903  0.34988066451893146  0.35225530053268395  0.35474023470567417
  0.35768023875351257  0.36062024280135097  0.36356024684918936  0.36650025089702776
  0.36944025494486615  0.37238025899270455  0.37584601435988152  0.38361239801240760
  0.39137878166493367  0.39914516531745980  0.40691154896998594  0.41467793262251212
  0.49460228419565916  0.58405186002203369  0.58874742965227878  0.59344299928252386
  0.59813856891276895  0.60283413854301404  0.60707149745975397  0.61112730088242462
  0.61518310430509537  0.61923890772776602  0.62329471115043678  0.68571411545117833
  0.79047607696744626  0.89523803848371408  0.91375601689020791  1.00000000000000000
  0.04582583506902065  0.04894494736928724  0.05206405966955384  0.05518317196982044
  0.05830228427008704  0.06142139657035364  0.06546130112164586  0.06998793214310832
  0.07451456316457077  0.07904119418603321  0.08878075475209453  0.19393777509329801
  0.29909479543450151  0.40425181577570490  0.50940883611690835  0.56624533684118594
  0.57380976560862818  0.58137419437607030  0.58893862314351253  0.59650305191095476
  0.60406748067839700  0.61163190944583912  0.61919633821328124  0.64947732867880026
  0.70576620770995857  0.73437779036104589  0.79774023788594728  0.81540708389687633
  0.81878882673369158  0.82217056957050683  0.82555231240732208  0.82893405524413744
  0.83231579808095268  0.83569754091776793  0.83907928375458329  0.84246102659139854
  0.84584276942821390  0.84922451226502915  0.85260625510184451  0.85598799793865976
  0.85936974077547501  0.86275148361229026  0.86613322644910562  0.86951496928592087
  0.87289671212273612  0.87608797099115843  0.87896584954176749  0.88184372809237654
  0.88472160664298549  0.88759948519359455  0.89047736374420361  0.89335524229481267
  0.89623312084542173  0.89911099939603079  0.90198887794663996  0.90486675649724901
  0.90774463504785807  0.91062251359846713  0.91350039214907619  0.91637827069968536
  0.91781330272042416  0.91908764197465498  0.92036198122888579  0.92163632048311650
  0.92291065973734732  0.92418499899157813  0.92545933824580884  0.92673367750003965
  0.92800801675427036  0.92928235600850118  0.93055669526273199  0.93183103451696270
  0.93310537377119351  0.93437971302542433  0.93565405227965504  0.93692839153388585
  0.93813279247012882  0.93928030485766500  0.94042781724520119  0.94157532963273738
  0.94272284202027357  0.94387035440780975  0.94501786679534594  0.94616537918288202
  0.94731289157041820  0.94846040395795439  0.94960791634549058  0.95075542873302676
  0.95190294112056295  0.95305045350809914  0.95419796589563532  0.95534547828317140
  0.95649299067070759  0.95764050305824377  0.96085870663324979  1.00000000000000000
  0.00654583772023521  0.21179330609188562  0.21525327885043796  0.21871325160899033
  0.22217322436754269  0.22563319712609506  0.22909316988464740  0.23313311447167065
  0.23718564620336874  0.24123817793506683  0.24529070966676492  0.24934324139846301
  0.33360135069473268  0.34055456463559991  0.34750777857646714  0.35446099251733437
  0.36141420645820155  0.36836742039906872  0.37532063433993590  0.38227384828080307
  0.38922706222167019  0.40103485976030639  0.43913270096939394  0.44164377472299177
  0.44415484847658959  0.44666592223018736  0.44917699598378519  0.45168806973738296
  0.45419914349098078  0.45671021724457855  0.45884335255685155  0.46028564641467118
  0.46172794027249081  0.46317023413031044  0.46461252798813013  0.46605482184594976
  0.46749711570376939  0.46893940956158903  0.47038170341940866  0.47182399727722829
  0.47326629113504798  0.47470858499286761  0.47615087885068724  0.47759317270850687
  0.47903546656632651  0.48047776042414614  0.48192005428196577  0.48336234813978540
  0.48480464199760503  0.48624693585542467  0.48768922971324424  0.48913152357106388
  0.49057381742888351  0.49201611128670314  0.49345840514452277  0.49490069900234240
  0.49634299286016204  0.49778528671798167  0.49922758057580130  0.50084907282007674
  0.50267719530359767  0.50450531778711860  0.50633344027063953  0.50816156275416036
  0.50998968523768129  0.51181780772120222  0.51364593020472316  0.51547405268824409
  0.51730217517176502  0.51913029765528595  0.52796620971398034  0.63221199034817255
  0.73645777098236487  0.75259137148251409  0.75556964012021710  0.75854790875792011
  0.76152617739562312  0.76450444603332612  0.76748271467102902  0.77046098330873203
  0.77343925194643504  0.77641752058413804  0.77939578922184116  0.78237405785954417
  0.78535232649724718  0.78833059513495018  0.79130886377265319  0.79428713241035620
  0.79726540104805921  0.80024366968576222  0.80322193832346522  0.80620020696116823
  0.80917847559887113  0.81215674423657414  0.90473109379146699  1.00000000000000000
  0.17663478453954065  0.18032456107607359  0.18401433761260652  0.18793626361784643
  0.19582261185807995  0.20370896009831344  0.25224944366598911  0.35842369052143203
  0.43871772204770165  0.44348896051857972  0.44826019898945785  0.45303143746033592
  0.45780267593121404  0.46257391440209217  0.46734515287297029  0.47211639134384847
  0.47688762981472660  0.48165886828560472  0.48643010675648279  0.49120134522736092
  0.49597258369823899  0.50055950683956396  0.50414845681777665  0.50773740679598933
  0.51132635677420213  0.51491530675241481  0.51850425673062750  0.52168121576649884
  0.52409654392502292  0.52651187208354688  0.52892720024207085  0.53134252840059482
  0.53375785655911889  0.53617318471764286  0.53858851287616683  0.54100384103469090
  0.54341916919321487  0.54583449735173883  0.54824982551026280  0.55066515366878677
  0.55308048182731073  0.55549580998583470  0.55791113814435866  0.56032646630288263
  0.56280694390199781  0.56587306148496386  0.56893917906792990  0.57200529665089594
  0.57507141423386199  0.57813753181682803  0.58120364939979408  0.61576037984008036
  0.66749258915889875  0.66907925344916597  0.67066591773943318  0.67225258202970040
  0.67383924631996761  0.67542591061023483  0.67701257490050215  0.67859923919076937
  0.68018590348103658  0.68177256777130379  0.68335923206157101  0.68494589635183822
  0.68653256064210544  0.68811922493237265  0.68970588922263998  0.69129255351290719
  0.69287921780317441  0.69446588209344162  0.69605254638370884  0.69763921067397605
  0.69922587496424327  0.70081253925451048  0.70239920354477769  0.70398586783504502
  0.70557253212531224  0.70715919641557945  0.70874586070584666  0.71033252499611388
  0.71191918928638109  0.71350585357664842  0.71509251786691563  0.71667918215718285
  0.71826584644745006  0.71985251073771739  0.72143917502798460  0.72302583931825182
  0.72461250360851914  0.72619916789878636  0.72778583218905357  0.74294010662683829
  0.84911435348228115  0.94240584693401075  0.97168560223743761  1.00000000000000000
   4.5042965296443721E-015  -1.0000000000000000     
 F F F F F F F F F F F F F F F F
  <DiscreteSampler_grid>
  grouped_processes
  1 # 1 for a reference and 2 for a running grid.
  10 # Attribute 'min_bin_probing_points' of the grid.
  1 # Attribute 'grid_mode' of the grid. 1=='default',2=='initialization'
  0.0000000000000000 # Attribute 'small_contrib_threshold' of the grid.
  0.5000000000000000 # Attribute 'damping_power' of the grid.
 # binID   n_entries weight   weight_sqr   abs_weight
    10   10   -1.639494946519969E-001   1.624064190708053E-001   1.835096062548044E-001
  </DiscreteSampler_grid>
