 -0.00136177316693511  0.00759608456925760  0.01589339637096952  0.02452613931556655
  0.03330739455487339  0.04223350907506165  0.05144998192003238  0.06086823782938450
  0.07028322316251143  0.08000544862928187  0.08994766218817392  0.10021885650643987
  0.11046016573865688  0.12036437518260480  0.13018661353057634  0.13996881530228636
  0.15004592346271228  0.16045976754032740  0.17095582227366227  0.18152502952824393
  0.19209126542059668  0.20246769091655648  0.21293794074858990  0.22366882929917550
  0.23469726466346147  0.24565053375954252  0.25667666988902343  0.26769955868924200
  0.27838419352235039  0.28898110835170876  0.30000854751412198  0.31121255117448426
  0.32254243849964981  0.33407072090731843  0.34589915903563939  0.35763775963884775
  0.36944274587481529  0.38094884354483177  0.39234316840494116  0.40394824772613047
  0.41601315594805038  0.42802575750033528  0.43956074557029529  0.45094921946890387
  0.46234991305342199  0.47385771825440548  0.48534259145460368  0.49686288235398773
  0.50859754194426510  0.52023977483484229  0.53163275205408145  0.54295414936312547
  0.55471270072644041  0.56654135730615285  0.57807304477640042  0.58947423024781154
  0.60072384873485196  0.61193527894521560  0.62310241360478114  0.63419572991283091
  0.64525988556321634  0.65589370521889390  0.66646994065852627  0.67700478916400086
  0.68795784836177931  0.69893194158910599  0.70972898266323181  0.72014537298035930
  0.73038887529445407  0.74067646220493388  0.75102344379261088  0.76127278220109895
  0.77141654612311150  0.78159278177692193  0.79178171338796999  0.80198102615294242
  0.81218582655826310  0.82262017850173952  0.83327841955098292  0.84397322517865447
  0.85444592960158339  0.86453474994539348  0.87451283421731263  0.88461360473329331
  0.89470217888135661  0.90467356988767300  0.91463896356422703  0.92467933074320008
  0.93465335776369796  0.94443323091911902  0.95394858124133797  0.96330184138276165
  0.97266451618760108  0.98183693107347370  0.99102519501061626  1.00000000000000000
 -0.00261786183448464  0.01010356603041132  0.02023715354568367  0.03043584563664862
  0.04064346610766628  0.05150693332623685  0.06253013582747058  0.07376452009621141
  0.08472120495030293  0.09538405292412669  0.10603314268233438  0.11634909214813460
  0.12679214261305308  0.13709436111142673  0.14758339554812172  0.15815743848660838
  0.16858849438558232  0.17894964823688431  0.18936722502654837  0.19981448882693462
  0.21012958481536370  0.22030021176336276  0.23068200582933485  0.24112713561073609
  0.25159016286569702  0.26233625564581781  0.27338960287539626  0.28465376812555110
  0.29568484348059665  0.30638926628947166  0.31693280304517951  0.32709056502993422
  0.33736996580688677  0.34753515590930384  0.35810427792208821  0.36880271815845772
  0.37938290441488703  0.38994784253713793  0.40027697949628432  0.41054602522899503
  0.42047488345664091  0.43031542352321300  0.44020309220223830  0.45030552831838577
  0.46054210328898104  0.47075801033999559  0.48069269896313044  0.49101678965739654
  0.50155220672556866  0.51266292739012009  0.52381169253686310  0.53467452224367917
  0.54543803606685792  0.55623181352470796  0.56659696016830496  0.57684739947405328
  0.58715439810922221  0.59784160286257892  0.60885735502054961  0.61973213613398359
  0.63100323025184635  0.64224139655714330  0.65336487122129017  0.66434254123907976
  0.67501433168086489  0.68557887408527696  0.69624770746559950  0.70711588401266090
  0.71811643743678233  0.72897304125109874  0.73957804060354471  0.74999795261258606
  0.76050052756749742  0.77126506127235883  0.78242528405556888  0.79373087270925247
  0.80506925621088532  0.81605061982019955  0.82669690902242676  0.83731006716010370
  0.84784798880627843  0.85822108965072774  0.86853668536830220  0.87885945794497045
  0.88910671640122241  0.89915635696913165  0.90923079861427503  0.91960086864465940
  0.93026000244644758  0.94078607974227113  0.95129397006033123  0.96145133148209627
  0.97139396740344208  0.98111836000255759  0.99054561137262864  1.00000000000000000
 -0.00123132170227883  0.01712741494273130  0.03228363676727448  0.04544987317281799
  0.05744205453880435  0.06879717018403007  0.07975096010219047  0.09010210882821935
  0.09993781562923566  0.10945660660152573  0.11884748422674822  0.12803934992197605
  0.13699518205487227  0.14589984317973792  0.15491454508212754  0.16395374100574489
  0.17284627301943517  0.18162496266962386  0.19037772380331405  0.19906882187253644
  0.20758146805430197  0.21597442780979367  0.22430669882313012  0.23256435552396471
  0.24084830420613199  0.24911326804807468  0.25732168849139536  0.26554404411165383
  0.27347884633018937  0.28129445798898606  0.28897511216203048  0.29663432304666620
  0.30432374667483714  0.31207862916810541  0.31976719377701340  0.32726743714473594
  0.33470783722732611  0.34220470913721518  0.34976568573027633  0.35769553585296060
  0.36619739864739848  0.37459209033698904  0.38302401129130037  0.39139543131054272
  0.39980692565203668  0.40833081315798098  0.41683863326119530  0.42540810314903510
  0.43382919233837081  0.44226737526808568  0.45054346130576617  0.45881293695933750
  0.46713328388800701  0.47565587489417255  0.48417641802586942  0.49269304765696753
  0.50115510499849281  0.50953211525930253  0.51795721866344002  0.52633145792469138
  0.53466416099606018  0.54315845866546097  0.55180352325692794  0.56063603682991447
  0.56956319621617935  0.57854969469500861  0.58768670466465567  0.59685232358169515
  0.60605118533987556  0.61525490845977748  0.62452238386082870  0.63375162153394504
  0.64330979294199964  0.65323573567454019  0.66377686973774441  0.67421570678365850
  0.68472773567737910  0.69532998514992939  0.70582676512750886  0.71659693865870788
  0.72764639267688425  0.73899415948093949  0.75049801678618167  0.76230043965415473
  0.77440196309358877  0.78671547792777674  0.79962659664639568  0.81315176310930404
  0.82718397252141662  0.84206412641564121  0.85851396337778429  0.87665688170153333
  0.89653703220941816  0.91906530597221492  0.94888584106866836  1.00000000000000000
 -0.02404502387280204  0.15273370886925636  0.20088886636946843  0.23324281606124977
  0.25934977138692805  0.28164427171992207  0.30161675613622979  0.31951987110110530
  0.33581337693065383  0.35099173629692243  0.36525445528698880  0.37847171028027921
  0.39079367862795084  0.40259079249300289  0.41393330825855434  0.42473170278541672
  0.43498091320314936  0.44480113134052196  0.45428598009948234  0.46341169128723619
  0.47225873312481165  0.48087142754743040  0.48924041602792145  0.49740421612808522
  0.50539180280282847  0.51322573064770760  0.52092930306820240  0.52841905726720584
  0.53577490405111750  0.54290801235582287  0.54969901780047770  0.55638369277605992
  0.56291856729249390  0.56925796830202746  0.57549007421821974  0.58167051314838469
  0.58774182258343233  0.59369090018682347  0.59952004502057010  0.60526719248778238
  0.61088941563074151  0.61656684136509132  0.62224274916885469  0.62785751815684510
  0.63338626552143640  0.63885583620160835  0.64428603982570276  0.64965315914401056
  0.65494422789140283  0.66017407502153569  0.66531210436390609  0.67038889934510826
  0.67546527013905877  0.68049370341975812  0.68559235543790764  0.69055143520180262
  0.69546023542327795  0.70035724236964203  0.70522177607116876  0.71004575101252698
  0.71482779320719025  0.71961881441345588  0.72449217799422705  0.72937618505641311
  0.73423644618536987  0.73904909246836270  0.74383244410749760  0.74860753181016804
  0.75341626078288593  0.75827183458093372  0.76313664244927748  0.76803004857265789
  0.77295330793186756  0.77786952759174777  0.78281791122894628  0.78780532580813256
  0.79293068950337431  0.79821114367157775  0.80356276562841356  0.80892918198876407
  0.81440399195405977  0.82008586156052965  0.82585528985533929  0.83171711702442530
  0.83783220089152199  0.84414612659614274  0.85068300642082773  0.85760245309069227
  0.86513318881528067  0.87301361303749347  0.88208976467989009  0.89216967229743394
  0.90445440064337101  0.92017327821532391  0.94362423556970842  1.00000000000000000
   4.3758224126820566E-004  -1.0000000000000000     
 F F F F F F F F F F F F F F F F
  <DiscreteSampler_grid>
  grouped_processes
  1 # 1 for a reference and 2 for a running grid.
  10 # Attribute 'min_bin_probing_points' of the grid.
  1 # Attribute 'grid_mode' of the grid. 1=='default',2=='initialization'
  0.0000000000000000 # Attribute 'small_contrib_threshold' of the grid.
  0.5000000000000000 # Attribute 'damping_power' of the grid.
 # binID   n_entries weight   weight_sqr   abs_weight
    10   10   2.647880402812391E+008   7.183539153569310E+016   2.647880402812391E+008
  </DiscreteSampler_grid>
