     
 Soft #          29
 
 part:           1
 comp:           0
   1.1111065775484243        324.88756327515927        292.39999999999998     
   1.0101006176778560        295.35342060900507        292.39999999999998     
   1.0010009622882681        292.69268137308956        292.39999999999998     
   1.0001000061349528        292.42924179386017        292.39999999999998     
   1.0000099997134486        292.40292391621233        292.39999999999998     
   1.0000009999623451        292.40029238898973        292.39999999999998     
   1.0000000999961447        292.40002923887266        292.39999999999998     
   1.0000000099996138        292.40000292388703        292.39999999999998     
   1.0000000009999614        292.40000029238871        292.39999999999998     
   1.0000000000999962        292.40000002923887        292.39999999999998     
 comp:           1
   0.0000000000000000        0.0000000000000000     
   0.0000000000000000        0.0000000000000000     
   0.0000000000000000        0.0000000000000000     
   0.0000000000000000        0.0000000000000000     
   0.0000000000000000        0.0000000000000000     
   0.0000000000000000        0.0000000000000000     
   0.0000000000000000        0.0000000000000000     
   0.0000000000000000        0.0000000000000000     
   0.0000000000000000        0.0000000000000000     
   0.0000000000000000        0.0000000000000000     
 comp:           2
   0.0000000000000000        0.0000000000000000     
   0.0000000000000000        0.0000000000000000     
   0.0000000000000000        0.0000000000000000     
   0.0000000000000000        0.0000000000000000     
   0.0000000000000000        0.0000000000000000     
   0.0000000000000000        0.0000000000000000     
   0.0000000000000000        0.0000000000000000     
   0.0000000000000000        0.0000000000000000     
   0.0000000000000000        0.0000000000000000     
   0.0000000000000000        0.0000000000000000     
 comp:           3
   1.1111065775484243        324.88756327515927        292.39999999999998     
   1.0101006176778560        295.35342060900507        292.39999999999998     
   1.0010009622882681        292.69268137308956        292.39999999999998     
   1.0001000061349528        292.42924179386017        292.39999999999998     
   1.0000099997134486        292.40292391621233        292.39999999999998     
   1.0000009999623451        292.40029238898973        292.39999999999998     
   1.0000000999961447        292.40002923887266        292.39999999999998     
   1.0000000099996138        292.40000292388703        292.39999999999998     
   1.0000000009999614        292.40000029238871        292.39999999999998     
   1.0000000000999962        292.40000002923887        292.39999999999998     
 
 part:           2
 comp:           0
   1.0000040802230663        292.40119305722459        292.39999999999998     
   1.0000003884990738        292.40011359712918        292.39999999999998     
   1.0000000386740220        292.40001130828398        292.39999999999998     
   1.0000000038656607        292.40000113031914        292.39999999999998     
   1.0000000003865488        292.40000011302686        292.39999999999998     
   1.0000000000386546        292.40000001130261        292.39999999999998     
   1.0000000000038656        292.40000000113025        292.39999999999998     
   1.0000000000003866        292.40000000011304        292.39999999999998     
   1.0000000000000386        292.40000000001129        292.39999999999998     
   1.0000000000000040        292.40000000000111        292.39999999999998     
 comp:           1
   0.0000000000000000        0.0000000000000000     
   0.0000000000000000        0.0000000000000000     
   0.0000000000000000        0.0000000000000000     
   0.0000000000000000        0.0000000000000000     
   0.0000000000000000        0.0000000000000000     
   0.0000000000000000        0.0000000000000000     
   0.0000000000000000        0.0000000000000000     
   0.0000000000000000        0.0000000000000000     
   0.0000000000000000        0.0000000000000000     
   0.0000000000000000        0.0000000000000000     
 comp:           2
   0.0000000000000000        0.0000000000000000     
   0.0000000000000000        0.0000000000000000     
   0.0000000000000000        0.0000000000000000     
   0.0000000000000000        0.0000000000000000     
   0.0000000000000000        0.0000000000000000     
   0.0000000000000000        0.0000000000000000     
   0.0000000000000000        0.0000000000000000     
   0.0000000000000000        0.0000000000000000     
   0.0000000000000000        0.0000000000000000     
   0.0000000000000000        0.0000000000000000     
 comp:           3
   1.0000040802230663       -292.40119305722459       -292.39999999999998     
   1.0000003884990738       -292.40011359712918       -292.39999999999998     
   1.0000000386740220       -292.40001130828398       -292.39999999999998     
   1.0000000038656607       -292.40000113031914       -292.39999999999998     
   1.0000000003865488       -292.40000011302686       -292.39999999999998     
   1.0000000000386546       -292.40000001130261       -292.39999999999998     
   1.0000000000038656       -292.40000000113025       -292.39999999999998     
   1.0000000000003866       -292.40000000011304       -292.39999999999998     
   1.0000000000000386       -292.40000000001129       -292.39999999999998     
   1.0000000000000040       -292.40000000000111       -292.39999999999998     
 
 part:           3
 comp:           0
   1.0004268722741192        292.52481745295245        292.39999999999998     
   1.0000406821519139        292.41189546121961        292.39999999999998     
   1.0000040496734468        292.40118412451579        292.39999999999998     
   1.0000004047833098        292.40011835863976        292.39999999999998     
   1.0000000404764919        292.40001183532621        292.39999999999998     
   1.0000000040476307        292.40000118352719        292.39999999999998     
   1.0000000004047629        292.40000011835264        292.39999999999998     
   1.0000000000404763        292.40000001183523        292.39999999999998     
   1.0000000000040477        292.40000000118351        292.39999999999998     
   1.0000000000004048        292.40000000011833        292.39999999999998     
 comp:           1
   1.0008645495168631       -180.20126579431741       -180.04560745138201     
   1.0000824156571255       -180.06044602843269       -180.04560745138201     
   1.0000082042072889       -180.04708458286700       -180.04560745138201     
   1.0000008200499253       -180.04575509776893       -180.04560745138201     
   1.0000000820012873       -180.04562221535360       -180.04560745138201     
   1.0000000082000917       -180.04560892777249       -180.04560745138201     
   1.0000000008200087       -180.04560759902100       -180.04560745138201     
   1.0000000000820009       -180.04560746614590       -180.04560745138201     
   1.0000000000082001       -180.04560745285841       -180.04560745138201     
   1.0000000000008200       -180.04560745152966       -180.04560745138201     
 comp:           2
   1.0014781383881264        75.767073630676094        75.655244709208318     
   1.0001409077724339        75.665905121213228        75.655244709208318     
   1.0000140269047650        75.656305918120836        75.655244709208318     
   1.0000014020565056        75.655350782136338        75.655244709208318     
   1.0000001401993157        75.655255316021851        75.655244709208318     
   1.0000000140198682        75.655245769884871        75.655244709208318     
   1.0000000014019861        75.655244815275921        75.655244709208318     
   1.0000000001401985        75.655244719815073        75.655244709208318     
   1.0000000000140197        75.655244710268988        75.655244709208318     
   1.0000000000014020        75.655244709314388        75.655244709208318     
 comp:           3
   1.0000000000000000       -133.31775270177874       -133.31775270177874     
   1.0000000000000000       -133.31775270177874       -133.31775270177874     
   1.0000000000000000       -133.31775270177874       -133.31775270177874     
   1.0000000000000000       -133.31775270177874       -133.31775270177874     
   1.0000000000000000       -133.31775270177874       -133.31775270177874     
   1.0000000000000000       -133.31775270177874       -133.31775270177874     
   1.0000000000000000       -133.31775270177874       -133.31775270177874     
   1.0000000000000000       -133.31775270177874       -133.31775270177874     
   1.0000000000000000       -133.31775270177874       -133.31775270177874     
   1.0000000000000000       -133.31775270177874       -133.31775270177874     
 
 part:           4
 comp:           0
  0.99957355720561347        292.27530812692135        292.39999999999998     
  0.99995932175244784        292.38810568041572        292.39999999999998     
  0.99999595036524491        292.39881588679759        292.39999999999998     
  0.99999959521707704        292.39988164147331        292.39999999999998     
  0.99999995952351195        292.39998816467488        292.39999999999998     
  0.99999999595236932        292.39999881647276        292.39999999999998     
  0.99999999959523711        292.39999988164732        292.39999999999998     
  0.99999999995952371        292.39999998816472        292.39999999999998     
  0.99999999999595235        292.39999999881644        292.39999999999998     
  0.99999999999959521        292.39999999988163        292.39999999999998     
 comp:           1
  0.99913581927098938        179.89001550707951        180.04560745138201     
  0.99991758769549166        180.03076947795535        180.04560745138201     
  0.99999179582593523        180.04413032587888        180.04560745138201     
  0.99999917995040699        180.04545980505489        180.04560745138201     
  0.99999991799871613        180.04559268741104        180.04560745138201     
  0.99999999179990839        180.04560597499153        180.04560745138201     
  0.99999999917999116        180.04560730374303        180.04560745138201     
  0.99999999991799915        180.04560743661813        180.04560745138201     
  0.99999999999179989        180.04560744990562        180.04560745138201     
  0.99999999999917988        180.04560745123436        180.04560745138201     
 comp:           2
  0.99852249213617683       -75.543463490210996       -75.655244709208318     
  0.99985909795960615       -75.644584730862292       -75.655244709208318     
  0.99998597315203863       -75.654183504593306       -75.655244709208318     
  0.99999859794406232       -75.655138636323258       -75.655244709208318     
  0.99999985980069017       -75.655234102395227       -75.655244709208318     
  0.99999998598013184       -75.655243648531766       -75.655244709208318     
  0.99999999859801392       -75.655244603140716       -75.655244709208318     
  0.99999999985980148       -75.655244698601564       -75.655244709208318     
  0.99999999998598021       -75.655244708147649       -75.655244709208318     
  0.99999999999859801       -75.655244709102249       -75.655244709208318     
 comp:           3
   1.0000000000000000        133.31775270177874        133.31775270177874     
   1.0000000000000000        133.31775270177874        133.31775270177874     
   1.0000000000000000        133.31775270177874        133.31775270177874     
   1.0000000000000000        133.31775270177874        133.31775270177874     
   1.0000000000000000        133.31775270177874        133.31775270177874     
   1.0000000000000000        133.31775270177874        133.31775270177874     
   1.0000000000000000        133.31775270177874        133.31775270177874     
   1.0000000000000000        133.31775270177874        133.31775270177874     
   1.0000000000000000        133.31775270177874        133.31775270177874     
   1.0000000000000000        133.31775270177874        133.31775270177874     
 
 part:           5
 comp:           0
   32.488630752509998        0.0000000000000000     
   2.9535330644988447        0.0000000000000000     
  0.29269267006002359        0.0000000000000000     
   2.9242924066357191E-002   0.0000000000000000     
   2.9240292380319369E-003   0.0000000000000000     
   2.9240029237768809E-004   0.0000000000000000     
   2.9240002923774254E-005   0.0000000000000000     
   2.9240000292377408E-006   0.0000000000000000     
   2.9240000029237745E-007   0.0000000000000000     
   2.9240000002923781E-008   0.0000000000000000     
 comp:           1
  0.31125028723787884        0.0000000000000000     
   2.9676550477326227E-002   0.0000000000000000     
   2.9542569881209463E-003   0.0000000000000000     
   2.9529271402083601E-004   0.0000000000000000     
   2.9527942541681870E-005   0.0000000000000000     
   2.9527809665508587E-006   0.0000000000000000     
   2.9527796377989918E-007   0.0000000000000000     
   2.9527795049239037E-008   0.0000000000000000     
   2.9527794916363963E-009   0.0000000000000000     
   2.9527794903076456E-010   0.0000000000000000     
 comp:           2
 -0.22361014046509020       -0.0000000000000000     
  -2.1320390350941548E-002  -0.0000000000000000     
  -2.1224135275377974E-003  -0.0000000000000000     
  -2.1214581308981042E-004  -0.0000000000000000     
  -2.1213626621794321E-005  -0.0000000000000000     
  -2.1213531160164277E-006  -0.0000000000000000     
  -2.1213521614072148E-007  -0.0000000000000000     
  -2.1213520659463645E-008  -0.0000000000000000     
  -2.1213520564002804E-009  -0.0000000000000000     
  -2.1213520554456722E-010  -0.0000000000000000     
 comp:           3
   32.486370217934684        0.0000000000000000     
   2.9533070118758373        0.0000000000000000     
  0.29267006480563074        0.0000000000000000     
   2.9240663540996588E-002   0.0000000000000000     
   2.9238031854966632E-003   0.0000000000000000     
   2.9237768712416857E-004   0.0000000000000000     
   2.9237742398422382E-005   0.0000000000000000     
   2.9237739767025544E-006   0.0000000000000000     
   2.9237739503885880E-007   0.0000000000000000     
   2.9237739477571919E-008   0.0000000000000000     
 
 part: i_fks reduced
 comp:           0
   1.1111022829175787        324.88630752509999        292.39999999999998     
   1.0101002272567869        295.35330644988449        292.39999999999998     
   1.0010009235978921        292.69267006002360        292.39999999999998     
   1.0001000022693978        292.42924066357187        292.39999999999998     
   1.0000099993269276        292.40292380319363        292.39999999999998     
   1.0000009999236936        292.40029237768800        292.39999999999998     
   1.0000000999922796        292.40002923774250        292.39999999999998     
   1.0000000099992272        292.40000292377403        292.39999999999998     
   1.0000000009999228        292.40000029237740        292.39999999999998     
   1.0000000000999922        292.40000002923773        292.39999999999998     
 comp:           1
   1.0540925533894598        3.1125028723787880        2.9527794901600060     
   1.0050378152592123        2.9676550477326229        2.9527794901600060     
   1.0005003753127737        2.9542569881209464        2.9527794901600060     
   1.0000500037503126        2.9529271402083599        2.9527794901600060     
   1.0000050000375003        2.9527942541681869        2.9527794901600060     
   1.0000005000003749        2.9527809665508582        2.9527794901600060     
   1.0000000500000035        2.9527796377989910        2.9527794901600060     
   1.0000000050000000        2.9527795049239032        2.9527794901600060     
   1.0000000005000000        2.9527794916363956        2.9527794901600060     
   1.0000000000500000        2.9527794903076447        2.9527794901600060     
 comp:           2
   1.0540925533894598       -2.2361014046509018       -2.1213520553396039     
   1.0050378152592121       -2.1320390350941549       -2.1213520553396039     
   1.0005003753127735       -2.1224135275377973       -2.1213520553396039     
   1.0000500037503124       -2.1214581308981040       -2.1213520553396039     
   1.0000050000375003       -2.1213626621794317       -2.1213520553396039     
   1.0000005000003751       -2.1213531160164272       -2.1213520553396039     
   1.0000000500000037       -2.1213521614072146       -2.1213520553396039     
   1.0000000050000000       -2.1213520659463643       -2.1213520553396039     
   1.0000000005000000       -2.1213520564002799       -2.1213520553396039     
   1.0000000000500000       -2.1213520554456715       -2.1213520553396039     
 comp:           3
   1.1111108725113108        324.86370217934683        292.37739474648134     
   1.0101010081291106        295.33070118758371        292.37739474648134     
   1.0010010009816359        292.67006480563072        292.37739474648134     
   1.0001000100008068        292.40663540996587        292.37739474648134     
   1.0000100000999992        292.38031854966630        292.37739474648134     
   1.0000010000010002        292.37768712416852        292.37739474648134     
   1.0000001000000101        292.37742398422375        292.37739474648134     
   1.0000000100000004        292.37739767025539        292.37739474648134     
   1.0000000010000001        292.37739503885877        292.37739474648134     
   1.0000000001000000        292.37739477571910        292.37739474648134     
 
 part: i_fks full/reduced
 comp:           0
   9.9999999999999992E-002   32.488630752509998        324.88630752509999     
   1.0000000000000000E-002   2.9535330644988447        295.35330644988449     
   1.0000000000000000E-003  0.29269267006002359        292.69267006002360     
   1.0000000000000000E-004   2.9242924066357191E-002   292.42924066357187     
   1.0000000000000003E-005   2.9240292380319369E-003   292.40292380319363     
   1.0000000000000004E-006   2.9240029237768809E-004   292.40029237768800     
   1.0000000000000001E-007   2.9240002923774254E-005   292.40002923774250     
   1.0000000000000002E-008   2.9240000292377408E-006   292.40000292377403     
   1.0000000000000003E-009   2.9240000029237745E-007   292.40000029237740     
   1.0000000000000003E-010   2.9240000002923781E-008   292.40000002923773     
 comp:           1
  0.10000000000000002       0.31125028723787884        3.1125028723787880     
   9.9999999999999985E-003   2.9676550477326227E-002   2.9676550477326229     
   1.0000000000000000E-003   2.9542569881209463E-003   2.9542569881209464     
   1.0000000000000000E-004   2.9529271402083601E-004   2.9529271402083599     
   1.0000000000000001E-005   2.9527942541681870E-005   2.9527942541681869     
   1.0000000000000002E-006   2.9527809665508587E-006   2.9527809665508582     
   1.0000000000000004E-007   2.9527796377989918E-007   2.9527796377989910     
   1.0000000000000002E-008   2.9527795049239037E-008   2.9527795049239032     
   1.0000000000000003E-009   2.9527794916363963E-009   2.9527794916363956     
   1.0000000000000003E-010   2.9527794903076456E-010   2.9527794903076447     
 comp:           2
  0.10000000000000001      -0.22361014046509020       -2.2361014046509018     
   1.0000000000000000E-002  -2.1320390350941548E-002  -2.1320390350941549     
   1.0000000000000000E-003  -2.1224135275377974E-003  -2.1224135275377973     
   1.0000000000000000E-004  -2.1214581308981042E-004  -2.1214581308981040     
   1.0000000000000003E-005  -2.1213626621794321E-005  -2.1213626621794317     
   1.0000000000000002E-006  -2.1213531160164277E-006  -2.1213531160164272     
   1.0000000000000001E-007  -2.1213521614072148E-007  -2.1213521614072146     
   1.0000000000000002E-008  -2.1213520659463645E-008  -2.1213520659463643     
   1.0000000000000003E-009  -2.1213520564002804E-009  -2.1213520564002799     
   1.0000000000000003E-010  -2.1213520554456722E-010  -2.1213520554456715     
 comp:           3
  0.10000000000000001        32.486370217934684        324.86370217934683     
   1.0000000000000000E-002   2.9533070118758373        295.33070118758371     
   1.0000000000000000E-003  0.29267006480563074        292.67006480563072     
   1.0000000000000000E-004   2.9240663540996588E-002   292.40663540996587     
   1.0000000000000001E-005   2.9238031854966632E-003   292.38031854966630     
   1.0000000000000002E-006   2.9237768712416857E-004   292.37768712416852     
   1.0000000000000002E-007   2.9237742398422382E-005   292.37742398422375     
   1.0000000000000002E-008   2.9237739767025544E-006   292.37739767025539     
   1.0000000000000001E-009   2.9237739503885880E-007   292.37739503885877     
   1.0000000000000003E-010   2.9237739477571919E-008   292.37739477571910     
     
 Soft #          55
 
 part:           1
 comp:           0
   1.1111077486450522        324.88790570381326        292.39999999999998     
   1.0101007190476099        295.35345024952113        292.39999999999998     
   1.0010009722884443        292.69268429714111        292.39999999999998     
   1.0001000071336206        292.42924208587061        292.39999999999998     
   1.0000099998133016        292.40292394540938        292.39999999999998     
   1.0000009999723305        292.40029239190943        292.39999999999998     
   1.0000000999971430        292.40002923916461        292.39999999999998     
   1.0000000099997133        292.40000292391613        292.39999999999998     
   1.0000000009999714        292.40000029239161        292.39999999999998     
   1.0000000000999971        292.40000002923915        292.39999999999998     
 comp:           1
   0.0000000000000000        0.0000000000000000     
   0.0000000000000000        0.0000000000000000     
   0.0000000000000000        0.0000000000000000     
   0.0000000000000000        0.0000000000000000     
   0.0000000000000000        0.0000000000000000     
   0.0000000000000000        0.0000000000000000     
   0.0000000000000000        0.0000000000000000     
   0.0000000000000000        0.0000000000000000     
   0.0000000000000000        0.0000000000000000     
   0.0000000000000000        0.0000000000000000     
 comp:           2
   0.0000000000000000        0.0000000000000000     
   0.0000000000000000        0.0000000000000000     
   0.0000000000000000        0.0000000000000000     
   0.0000000000000000        0.0000000000000000     
   0.0000000000000000        0.0000000000000000     
   0.0000000000000000        0.0000000000000000     
   0.0000000000000000        0.0000000000000000     
   0.0000000000000000        0.0000000000000000     
   0.0000000000000000        0.0000000000000000     
   0.0000000000000000        0.0000000000000000     
 comp:           3
   1.1111077486450522        324.88790570381326        292.39999999999998     
   1.0101007190476099        295.35345024952113        292.39999999999998     
   1.0010009722884443        292.69268429714111        292.39999999999998     
   1.0001000071336206        292.42924208587061        292.39999999999998     
   1.0000099998133016        292.40292394540938        292.39999999999998     
   1.0000009999723305        292.40029239190943        292.39999999999998     
   1.0000000999971430        292.40002923916461        292.39999999999998     
   1.0000000099997133        292.40000292391613        292.39999999999998     
   1.0000000009999714        292.40000029239161        292.39999999999998     
   1.0000000000999971        292.40000002923915        292.39999999999998     
 
 part:           2
 comp:           0
   1.0000030262286113        292.40088486924589        292.39999999999998     
   1.0000002881429495        292.40008425299840        292.39999999999998     
   1.0000000286838449        292.40000838715622        292.39999999999998     
   1.0000000028670930        292.40000083833797        292.39999999999998     
   1.0000000002866962        292.40000008382998        292.39999999999998     
   1.0000000000286695        292.40000000838296        292.39999999999998     
   1.0000000000028670        292.40000000083830        292.39999999999998     
   1.0000000000002867        292.40000000008382        292.39999999999998     
   1.0000000000000289        292.40000000000839        292.39999999999998     
   1.0000000000000029        292.40000000000083        292.39999999999998     
 comp:           1
   0.0000000000000000        0.0000000000000000     
   0.0000000000000000        0.0000000000000000     
   0.0000000000000000        0.0000000000000000     
   0.0000000000000000        0.0000000000000000     
   0.0000000000000000        0.0000000000000000     
   0.0000000000000000        0.0000000000000000     
   0.0000000000000000        0.0000000000000000     
   0.0000000000000000        0.0000000000000000     
   0.0000000000000000        0.0000000000000000     
   0.0000000000000000        0.0000000000000000     
 comp:           2
   0.0000000000000000        0.0000000000000000     
   0.0000000000000000        0.0000000000000000     
   0.0000000000000000        0.0000000000000000     
   0.0000000000000000        0.0000000000000000     
   0.0000000000000000        0.0000000000000000     
   0.0000000000000000        0.0000000000000000     
   0.0000000000000000        0.0000000000000000     
   0.0000000000000000        0.0000000000000000     
   0.0000000000000000        0.0000000000000000     
   0.0000000000000000        0.0000000000000000     
 comp:           3
   1.0000030262286113       -292.40088486924589       -292.39999999999998     
   1.0000002881429495       -292.40008425299840       -292.39999999999998     
   1.0000000286838449       -292.40000838715622       -292.39999999999998     
   1.0000000028670930       -292.40000083833797       -292.39999999999998     
   1.0000000002866962       -292.40000008382998       -292.39999999999998     
   1.0000000000286695       -292.40000000838296       -292.39999999999998     
   1.0000000000028670       -292.40000000083830       -292.39999999999998     
   1.0000000000002867       -292.40000000008382       -292.39999999999998     
   1.0000000000000289       -292.40000000000839       -292.39999999999998     
   1.0000000000000029       -292.40000000000083       -292.39999999999998     
 
 part:           3
 comp:           0
   1.0002180821044282        292.46376720733480        292.39999999999998     
   1.0000207795748721        292.40607594769261        292.39999999999998     
   1.0000020684463522        292.40060481371336        292.39999999999998     
   1.0000002067502343        292.40006045376845        292.39999999999998     
   1.0000000206740800        292.40000604510095        292.39999999999998     
   1.0000000020673987        292.40000060450734        292.39999999999998     
   1.0000000002067397        292.40000006045068        292.39999999999998     
   1.0000000000206741        292.40000000604510        292.39999999999998     
   1.0000000000020675        292.40000000060451        292.39999999999998     
   1.0000000000002067        292.40000000006040        292.39999999999998     
 comp:           1
   1.0008171526898926        99.092894129102035        99.011986218232195     
   1.0000779047727750        99.019699724520535        99.011986218232195     
   1.0000077552330937        99.012754079264397        99.011986218232195     
   1.0000007751734890        99.012062969699002        99.011986218232195     
   1.0000000775138533        99.011993893032766        99.011986218232195     
   1.0000000077513502        99.011986985708788        99.011986218232195     
   1.0000000007751346        99.011986294979820        99.011986218232195     
   1.0000000000775136        99.011986225906966        99.011986218232195     
   1.0000000000077514        99.011986218999667        99.011986218232195     
   1.0000000000007752        99.011986218308948        99.011986218232195     
 comp:           2
   1.0019480554995519        73.989484636379970        73.845629252197355     
   1.0001857214972465        73.859343973027180        73.845629252197355     
   1.0000184881291656        73.846994519729293        73.845629252197355     
   1.0000018479789603        73.845765717366518        73.845629252197355     
   1.0000001847895625        73.845642898098873        73.845629252197355     
   1.0000000184788729        73.845630616781349        73.845629252197355     
   1.0000000018478865        73.845629388655695        73.845629252197355     
   1.0000000001847891        73.845629265843215        73.845629252197355     
   1.0000000000184788        73.845629253561938        73.845629252197355     
   1.0000000000018479        73.845629252333808        73.845629252197355     
 comp:           3
   1.0000000000000000       -201.63633012299047       -201.63633012299047     
   1.0000000000000000       -201.63633012299047       -201.63633012299047     
   1.0000000000000000       -201.63633012299047       -201.63633012299047     
   1.0000000000000000       -201.63633012299047       -201.63633012299047     
   1.0000000000000000       -201.63633012299047       -201.63633012299047     
   1.0000000000000000       -201.63633012299047       -201.63633012299047     
   1.0000000000000000       -201.63633012299047       -201.63633012299047     
   1.0000000000000000       -201.63633012299047       -201.63633012299047     
   1.0000000000000000       -201.63633012299047       -201.63633012299047     
   1.0000000000000000       -201.63633012299047       -201.63633012299047     
 
 part:           4
 comp:           0
  0.99978223643636233        292.33632593399233        292.39999999999998     
  0.99997922332095357        292.39392489904679        292.39999999999998     
  0.99999793158234485        292.39939519467760        292.39999999999998     
  0.99999979325005273        292.39993954631541        292.39999999999998     
  0.99999997932592277        292.39999395489980        292.39999999999998     
  0.99999999793260130        292.39999939549261        292.39999999999998     
  0.99999999979326026        292.39999993954928        292.39999999999998     
  0.99999999997932620        292.39999999395496        292.39999999999998     
  0.99999999999793254        292.39999999939545        292.39999999999998     
  0.99999999999979339        292.39999999993955        292.39999999999998     
 comp:           1
  0.99918302536692183       -98.931095937121214       -99.011986218232195     
  0.99992209684592348       -99.004272872214415       -99.011986218232195     
  0.99999224478294713       -99.011218358788241       -99.011986218232195     
  0.99999922482667147       -99.011909466781276       -99.011986218232195     
  0.99999992248614833       -99.011978543431781       -99.011986218232195     
  0.99999999224864966       -99.011985450755603       -99.011986218232195     
  0.99999999922486527       -99.011986141484570       -99.011986218232195     
  0.99999999992248656       -99.011986210557438       -99.011986218232195     
  0.99999999999224876       -99.011986217464724       -99.011986218232195     
  0.99999999999922484       -99.011986218155442       -99.011986218232195     
 comp:           2
  0.99805236897993765       -73.701805213969749       -73.845629252197355     
  0.99981428236165848       -73.831914816330794       -73.845629252197355     
  0.99998151190907525       -73.844263987489342       -73.845629252197355     
  0.99999815202142217       -73.845492787056429       -73.845629252197355     
  0.99999981521044101       -73.845615606296093       -73.845629252197355     
  0.99999998152112712       -73.845627887613361       -73.845629252197355     
  0.99999999815211349       -73.845629115739015       -73.845629252197355     
  0.99999999981521159       -73.845629238551538       -73.845629252197355     
  0.99999999998152111       -73.845629250832772       -73.845629252197355     
  0.99999999999815214       -73.845629252060903       -73.845629252197355     
 comp:           3
   1.0000000000000000        201.63633012299047        201.63633012299047     
   1.0000000000000000        201.63633012299047        201.63633012299047     
   1.0000000000000000        201.63633012299047        201.63633012299047     
   1.0000000000000000        201.63633012299047        201.63633012299047     
   1.0000000000000000        201.63633012299047        201.63633012299047     
   1.0000000000000000        201.63633012299047        201.63633012299047     
   1.0000000000000000        201.63633012299047        201.63633012299047     
   1.0000000000000000        201.63633012299047        201.63633012299047     
   1.0000000000000000        201.63633012299047        201.63633012299047     
   1.0000000000000000        201.63633012299047        201.63633012299047     
 
 part:           5
 comp:           0
   32.488697431731907        0.0000000000000000     
   2.9535336557800829        0.0000000000000000     
  0.29269267590627052        0.0000000000000000     
   2.9242924124753881E-002   0.0000000000000000     
   2.9240292386158379E-003   0.0000000000000000     
   2.9240029238352701E-004   0.0000000000000000     
   2.9240002923832642E-005   0.0000000000000000     
   2.9240000292383240E-006   0.0000000000000000     
   2.9240000029238333E-007   0.0000000000000000     
   2.9240000002923838E-008   0.0000000000000000     
 comp:           1
 -0.16179819198081161       -0.0000000000000000     
  -1.5426852306128006E-002  -0.0000000000000000     
  -1.5357204761688517E-003  -0.0000000000000000     
  -1.5350291772474100E-004  -0.0000000000000000     
  -1.5349600986893458E-005  -0.0000000000000000     
  -1.5349531913464530E-006  -0.0000000000000000     
  -1.5349525006172924E-007  -0.0000000000000000     
  -1.5349524315444277E-008  -0.0000000000000000     
  -1.5349524246371418E-009  -0.0000000000000000     
  -1.5349524239464135E-010  -0.0000000000000000     
 comp:           2
 -0.28767942241022515       -0.0000000000000000     
  -2.7429156696392974E-002  -0.0000000000000000     
  -2.7305322399412582E-003  -0.0000000000000000     
  -2.7293031009008371E-004  -0.0000000000000000     
  -2.7291802782694992E-005  -0.0000000000000000     
  -2.7291679969183328E-006  -0.0000000000000000     
  -2.7291667687923348E-007  -0.0000000000000000     
  -2.7291666459798260E-008  -0.0000000000000000     
  -2.7291666336985765E-009  -0.0000000000000000     
  -2.7291666324704516E-010  -0.0000000000000000     
 comp:           3
   32.487020834567403        0.0000000000000000     
   2.9533659965226979        0.0000000000000000     
  0.29267590998488208        0.0000000000000000     
   2.9241247532658325E-002   0.0000000000000000     
   2.9238615794067156E-003   0.0000000000000000     
   2.9238352646261906E-004   0.0000000000000000     
   2.9238326331741889E-005   0.0000000000000000     
   2.9238323700292491E-006   0.0000000000000000     
   2.9238323437147578E-007   0.0000000000000000     
   2.9238323410833092E-008   0.0000000000000000     
 
 part: i_fks reduced
 comp:           0
   1.1111045633287244        324.88697431731902        292.39999999999998     
   1.0101004294733527        295.35336557800827        292.39999999999998     
   1.0010009435918965        292.69267590627049        292.39999999999998     
   1.0001000042665484        292.42924124753876        292.39999999999998     
   1.0000099995266203        292.40292386158376        292.39999999999998     
   1.0000009999436628        292.40029238352696        292.39999999999998     
   1.0000000999942762        292.40002923832634        292.39999999999998     
   1.0000000099994266        292.40000292383235        292.39999999999998     
   1.0000000009999428        292.40000029238325        292.39999999999998     
   1.0000000000999942        292.40000002923830        292.39999999999998     
 comp:           1
   1.0540925533894598       -1.6179819198081160       -1.5349524238696652     
   1.0050378152592121       -1.5426852306128005       -1.5349524238696652     
   1.0005003753127737       -1.5357204761688517       -1.5349524238696652     
   1.0000500037503126       -1.5350291772474101       -1.5349524238696652     
   1.0000050000375005       -1.5349600986893459       -1.5349524238696652     
   1.0000005000003751       -1.5349531913464529       -1.5349524238696652     
   1.0000000500000037       -1.5349525006172922       -1.5349524238696652     
   1.0000000050000000       -1.5349524315444274       -1.5349524238696652     
   1.0000000005000000       -1.5349524246371415       -1.5349524238696652     
   1.0000000000500000       -1.5349524239464130       -1.5349524238696652     
 comp:           2
   1.0540925533894598       -2.8767942241022513       -2.7291666323339925     
   1.0050378152592121       -2.7429156696392973       -2.7291666323339925     
   1.0005003753127735       -2.7305322399412577       -2.7291666323339925     
   1.0000500037503124       -2.7293031009008368       -2.7291666323339925     
   1.0000050000375005       -2.7291802782694989       -2.7291666323339925     
   1.0000005000003751       -2.7291679969183322       -2.7291666323339925     
   1.0000000500000037       -2.7291667687923340       -2.7291666323339925     
   1.0000000050000000       -2.7291666459798254       -2.7291666323339925     
   1.0000000005000000       -2.7291666336985760       -2.7291666323339925     
   1.0000000000500000       -2.7291666324704509       -2.7291666323339925     
 comp:           3
   1.1111109341440333        324.87020834567403        292.38323407909252     
   1.0101010086384719        295.33659965226980        292.38323407909252     
   1.0010010009866377        292.67590998488203        292.38323407909252     
   1.0001000100008568        292.41247532658326        292.38323407909252     
   1.0000100000999996        292.38615794067152        292.38323407909252     
   1.0000010000010000        292.38352646261899        292.38323407909252     
   1.0000001000000098        292.38326331741882        292.38323407909252     
   1.0000000099999999        292.38323700292483        292.38323407909252     
   1.0000000009999999        292.38323437147574        292.38323407909252     
   1.0000000001000000        292.38323410833084        292.38323407909252     
 
 part: i_fks full/reduced
 comp:           0
  0.10000000000000002        32.488697431731907        324.88697431731902     
   1.0000000000000000E-002   2.9535336557800829        295.35336557800827     
   1.0000000000000000E-003  0.29269267590627052        292.69267590627049     
   1.0000000000000002E-004   2.9242924124753881E-002   292.42924124753876     
   1.0000000000000001E-005   2.9240292386158379E-003   292.40292386158376     
   1.0000000000000002E-006   2.9240029238352701E-004   292.40029238352696     
   1.0000000000000002E-007   2.9240002923832642E-005   292.40002923832634     
   1.0000000000000002E-008   2.9240000292383240E-006   292.40000292383235     
   1.0000000000000003E-009   2.9240000029238333E-007   292.40000029238325     
   1.0000000000000003E-010   2.9240000002923838E-008   292.40000002923830     
 comp:           1
  0.10000000000000001      -0.16179819198081161       -1.6179819198081160     
   1.0000000000000000E-002  -1.5426852306128006E-002  -1.5426852306128005     
   1.0000000000000000E-003  -1.5357204761688517E-003  -1.5357204761688517     
   1.0000000000000000E-004  -1.5350291772474100E-004  -1.5350291772474101     
   9.9999999999999991E-006  -1.5349600986893458E-005  -1.5349600986893459     
   1.0000000000000002E-006  -1.5349531913464530E-006  -1.5349531913464529     
   1.0000000000000001E-007  -1.5349525006172924E-007  -1.5349525006172922     
   1.0000000000000002E-008  -1.5349524315444277E-008  -1.5349524315444274     
   1.0000000000000003E-009  -1.5349524246371418E-009  -1.5349524246371415     
   1.0000000000000003E-010  -1.5349524239464135E-010  -1.5349524239464130     
 comp:           2
  0.10000000000000001      -0.28767942241022515       -2.8767942241022513     
   1.0000000000000000E-002  -2.7429156696392974E-002  -2.7429156696392973     
   1.0000000000000002E-003  -2.7305322399412582E-003  -2.7305322399412577     
   1.0000000000000000E-004  -2.7293031009008371E-004  -2.7293031009008368     
   1.0000000000000001E-005  -2.7291802782694992E-005  -2.7291802782694989     
   1.0000000000000002E-006  -2.7291679969183328E-006  -2.7291679969183322     
   1.0000000000000004E-007  -2.7291667687923348E-007  -2.7291667687923340     
   1.0000000000000002E-008  -2.7291666459798260E-008  -2.7291666459798254     
   1.0000000000000001E-009  -2.7291666336985765E-009  -2.7291666336985760     
   1.0000000000000003E-010  -2.7291666324704516E-010  -2.7291666324704509     
 comp:           3
  0.10000000000000001        32.487020834567403        324.87020834567403     
   1.0000000000000000E-002   2.9533659965226979        295.33659965226980     
   1.0000000000000002E-003  0.29267590998488208        292.67590998488203     
   9.9999999999999991E-005   2.9241247532658325E-002   292.41247532658326     
   1.0000000000000001E-005   2.9238615794067156E-003   292.38615794067152     
   1.0000000000000002E-006   2.9238352646261906E-004   292.38352646261899     
   1.0000000000000002E-007   2.9238326331741889E-005   292.38326331741882     
   1.0000000000000002E-008   2.9238323700292491E-006   292.38323700292483     
   1.0000000000000001E-009   2.9238323437147578E-007   292.38323437147574     
   1.0000000000000003E-010   2.9238323410833092E-008   292.38323410833084     
     
 Soft #          97
 
 part:           1
 comp:           0
   1.0026191980027259        293.16585349599706        292.39999999999998     
   1.0002491261691679        292.47284449186469        292.39999999999998     
   1.0000247970830423        292.40725066708154        292.39999999999998     
   1.0000024785641368        292.40072473215361        292.39999999999998     
   1.0000002478449832        292.40007246987307        292.39999999999998     
   1.0000000247843841        292.40000724695392        292.39999999999998     
   1.0000000024784372        292.40000072469502        292.39999999999998     
   1.0000000002478440        292.40000007246954        292.39999999999998     
   1.0000000000247844        292.40000000724694        292.39999999999998     
   1.0000000000024785        292.40000000072467        292.39999999999998     
 comp:           1
   0.0000000000000000        0.0000000000000000     
   0.0000000000000000        0.0000000000000000     
   0.0000000000000000        0.0000000000000000     
   0.0000000000000000        0.0000000000000000     
   0.0000000000000000        0.0000000000000000     
   0.0000000000000000        0.0000000000000000     
   0.0000000000000000        0.0000000000000000     
   0.0000000000000000        0.0000000000000000     
   0.0000000000000000        0.0000000000000000     
   0.0000000000000000        0.0000000000000000     
 comp:           2
   0.0000000000000000        0.0000000000000000     
   0.0000000000000000        0.0000000000000000     
   0.0000000000000000        0.0000000000000000     
   0.0000000000000000        0.0000000000000000     
   0.0000000000000000        0.0000000000000000     
   0.0000000000000000        0.0000000000000000     
   0.0000000000000000        0.0000000000000000     
   0.0000000000000000        0.0000000000000000     
   0.0000000000000000        0.0000000000000000     
   0.0000000000000000        0.0000000000000000     
 comp:           3
   1.0026191980027259        293.16585349599706        292.39999999999998     
   1.0002491261691679        292.47284449186469        292.39999999999998     
   1.0000247970830423        292.40725066708154        292.39999999999998     
   1.0000024785641368        292.40072473215361        292.39999999999998     
   1.0000002478449832        292.40007246987307        292.39999999999998     
   1.0000000247843841        292.40000724695392        292.39999999999998     
   1.0000000024784372        292.40000072469502        292.39999999999998     
   1.0000000002478440        292.40000007246954        292.39999999999998     
   1.0000000000247844        292.40000000724694        292.39999999999998     
   1.0000000000024785        292.40000000072467        292.39999999999998     
 
 part:           2
 comp:           0
   1.1082084936379704        324.04016353974254        292.39999999999998     
   1.0098494301810330        295.27997338493401        292.39999999999998     
   1.0009761797115493        292.68543494765697        292.39999999999998     
   1.0000975311951261        292.42851812145483        292.39999999999998     
   1.0000097522526010        292.40285155866053        292.39999999999998     
   1.0000009752165919        292.40028515333142        292.39999999999998     
   1.0000000975215726        292.40002851530778        292.39999999999998     
   1.0000000097521564        292.40000285153053        292.39999999999998     
   1.0000000009752157        292.40000028515306        292.39999999999998     
   1.0000000000975215        292.40000002851531        292.39999999999998     
 comp:           1
   0.0000000000000000        0.0000000000000000     
   0.0000000000000000        0.0000000000000000     
   0.0000000000000000        0.0000000000000000     
   0.0000000000000000        0.0000000000000000     
   0.0000000000000000        0.0000000000000000     
   0.0000000000000000        0.0000000000000000     
   0.0000000000000000        0.0000000000000000     
   0.0000000000000000        0.0000000000000000     
   0.0000000000000000        0.0000000000000000     
   0.0000000000000000        0.0000000000000000     
 comp:           2
   0.0000000000000000        0.0000000000000000     
   0.0000000000000000        0.0000000000000000     
   0.0000000000000000        0.0000000000000000     
   0.0000000000000000        0.0000000000000000     
   0.0000000000000000        0.0000000000000000     
   0.0000000000000000        0.0000000000000000     
   0.0000000000000000        0.0000000000000000     
   0.0000000000000000        0.0000000000000000     
   0.0000000000000000        0.0000000000000000     
   0.0000000000000000        0.0000000000000000     
 comp:           3
   1.1082084936379704       -324.04016353974254       -292.39999999999998     
   1.0098494301810330       -295.27997338493401       -292.39999999999998     
   1.0009761797115493       -292.68543494765697       -292.39999999999998     
   1.0000975311951261       -292.42851812145483       -292.39999999999998     
   1.0000097522526010       -292.40285155866053       -292.39999999999998     
   1.0000009752165919       -292.40028515333142       -292.39999999999998     
   1.0000000975215726       -292.40002851530778       -292.39999999999998     
   1.0000000097521564       -292.40000285153053       -292.39999999999998     
   1.0000000009752157       -292.40000028515306       -292.39999999999998     
   1.0000000000975215       -292.40000002851531       -292.39999999999998     
 
 part:           3
 comp:           0
   1.0125329077015737        296.06462221194010        292.39999999999998     
   1.0011833844938982        292.74602162601582        292.39999999999998     
   1.0001176947643915        292.43441394910803        292.39999999999998     
   1.0000117630901448        292.40343952755831        292.39999999999998     
   1.0000011762452017        292.40034393409695        292.39999999999998     
   1.0000001176238824        292.40003439322317        292.39999999999998     
   1.0000000117623820        292.40000343932047        292.39999999999998     
   1.0000000011762380        292.40000034393199        292.39999999999998     
   1.0000000001176239        292.40000003439320        292.39999999999998     
   1.0000000000117624        292.40000000343929        292.39999999999998     
 comp:           1
   1.0565513490790779       -39.252882116478645       -37.151892476113581     
   1.0053619087075023       -37.351097531881443       -37.151892476113581     
   1.0005334862060116       -37.171712498276811       -37.151892476113581     
   1.0000533217820191       -37.153873481225787       -37.151892476113581     
   1.0000053319100224       -37.152090566661428       -37.151892476113581     
   1.0000005331883211       -37.151912285068754       -37.151892476113581     
   1.0000000533188056       -37.151894457008112       -37.151892476113581     
   1.0000000053318803       -37.151892674203026       -37.151892476113581     
   1.0000000005331879       -37.151892495922525       -37.151892476113581     
   1.0000000000533187       -37.151892478094474       -37.151892476113581     
 comp:           2
   1.0190501092067057       -232.14043425580411       -227.80080406106543     
   1.0018062335929683       -228.21226552586572       -227.80080406106543     
   1.0001797122553271       -227.84174265732858       -227.80080406106543     
   1.0000179621845826       -227.80489586115607       -227.80080406106543     
   1.0000017961281182       -227.80121322049499       -227.80080406106543     
   1.0000001796119087       -227.80084497680264       -227.80080406106543     
   1.0000000179611819       -227.80080815263710       -227.80080406106543     
   1.0000000017961181       -227.80080447022257       -227.80080406106543     
   1.0000000001796119       -227.80080410198116       -227.80080406106543     
   1.0000000000179612       -227.80080406515700       -227.80080406106543     
 comp:           3
   1.0000000000000000       -51.383757692244977       -51.383757692244977     
   1.0000000000000000       -51.383757692244977       -51.383757692244977     
   1.0000000000000000       -51.383757692244977       -51.383757692244977     
   1.0000000000000000       -51.383757692244977       -51.383757692244977     
   1.0000000000000000       -51.383757692244977       -51.383757692244977     
   1.0000000000000000       -51.383757692244977       -51.383757692244977     
   1.0000000000000000       -51.383757692244977       -51.383757692244977     
   1.0000000000000000       -51.383757692244977       -51.383757692244977     
   1.0000000000000000       -51.383757692244977       -51.383757692244977     
   1.0000000000000000       -51.383757692244977       -51.383757692244977     
 
 part:           4
 comp:           0
  0.98773563100628659        288.81389850623816        292.39999999999998     
  0.99881905692948536        292.05469224618150        292.39999999999998     
  0.99988232942990907        292.36559312530540        292.39999999999998     
  0.99998823715158047        292.39656054312212        292.39999999999998     
  0.99999882375721549        292.39965606660979        292.39999999999998     
  0.99999988237614224        292.39996560678395        292.39999999999998     
  0.99999998823761838        292.39999656067960        292.39999999999998     
  0.99999999882376189        292.39999965606796        292.39999999999998     
  0.99999999988237609        292.39999996560675        292.39999999999998     
  0.99999999998823763        292.39999999656067        292.39999999999998     
 comp:           1
  0.94414544422315261        35.076790025591059        37.151892476113581     
  0.99464442619845994        36.952922774090872        37.151892476113581     
  0.99946657657237370        37.132074786286168        37.151892476113581     
  0.99994667884519983        37.149911494303744        37.151892476113581     
  0.99999466809624948        37.151694385798748        37.151892476113581     
  0.99999946681174245        37.151872667160767        37.151892476113581     
  0.99999994668119563        37.151890495219092        37.151892476113581     
  0.99999999466811962        37.151892278024135        37.151892476113581     
  0.99999999946681195        37.151892456304637        37.151892476113581     
  0.99999999994668121        37.151892474132687        37.151892476113581     
 comp:           2
  0.98118461531743306        223.51464430165842        227.80080406106543     
  0.99819590040829531        227.38982872346887        227.80080406106543     
  0.99982030889244589        227.75987028228198        227.80080406106543     
  0.99998203802670471        227.79671230910625        227.80080406106543     
  0.99999820387399441        227.80039490211718        227.80080406106543     
  0.99999982038811275        227.80076314533309        227.80080406106543     
  0.99999998203881857        227.80079996949385        227.80080406106543     
  0.99999999820388197        227.80080365190830        227.80080406106543     
  0.99999999982038812        227.80080402014971        227.80080406106543     
  0.99999999998203881        227.80080405697387        227.80080406106543     
 comp:           3
   1.0000000000000000        51.383757692244977        51.383757692244977     
   1.0000000000000000        51.383757692244977        51.383757692244977     
   1.0000000000000000        51.383757692244977        51.383757692244977     
   1.0000000000000000        51.383757692244977        51.383757692244977     
   1.0000000000000000        51.383757692244977        51.383757692244977     
   1.0000000000000000        51.383757692244977        51.383757692244977     
   1.0000000000000000        51.383757692244977        51.383757692244977     
   1.0000000000000000        51.383757692244977        51.383757692244977     
   1.0000000000000000        51.383757692244977        51.383757692244977     
   1.0000000000000000        51.383757692244977        51.383757692244977     
 
 part:           5
 comp:           0
   32.327496317561298        0.0000000000000000     
   2.9521040046012721        0.0000000000000000     
  0.29267854032515395        0.0000000000000000     
   2.9242782927977440E-002   0.0000000000000000     
   2.9240278268069207E-003   0.0000000000000000     
   2.9240027826559671E-004   0.0000000000000000     
   2.9240002782653493E-005   0.0000000000000000     
   2.9240000278265336E-006   0.0000000000000000     
   2.9240000027826541E-007   0.0000000000000000     
   2.9240000002782658E-008   0.0000000000000000     
 comp:           1
   4.1760920908875931        0.0000000000000000     
  0.39817475779057232        0.0000000000000000     
   3.9637711990647299E-002   0.0000000000000000     
   3.9619869220447407E-003   0.0000000000000000     
   3.9618086268385647E-004   0.0000000000000000     
   3.9617907986418024E-005   0.0000000000000000     
   3.9617890158353629E-006   0.0000000000000000     
   3.9617888375548517E-007   0.0000000000000000     
   3.9617888197268026E-008   0.0000000000000000     
   3.9617888179439974E-009   0.0000000000000000     
 comp:           2
   8.6257899541456737        0.0000000000000000     
  0.82243680239683525        0.0000000000000000     
   8.1872375046589466E-002   0.0000000000000000     
   8.1835520498223496E-003   0.0000000000000000     
   8.1831837780110882E-004   0.0000000000000000     
   8.1831469535644086E-005   0.0000000000000000     
   8.1831432711470818E-006   0.0000000000000000     
   8.1831429029056229E-007   0.0000000000000000     
   8.1831428660814809E-008   0.0000000000000000     
   8.1831428623990664E-009   0.0000000000000000     
 comp:           3
  -30.874310043745506       -0.0000000000000000     
  -2.8071288930693146       -0.0000000000000000     
 -0.27818428057537664       -0.0000000000000000     
  -2.7793389301238591E-002  -0.0000000000000000     
  -2.7790887874512473E-003  -0.0000000000000000     
  -2.7790637756304736E-004  -0.0000000000000000     
  -2.7790612744728583E-005  -0.0000000000000000     
  -2.7790610243573419E-006  -0.0000000000000000     
  -2.7790609993457922E-007  -0.0000000000000000     
  -2.7790609968446377E-008  -0.0000000000000000     
 
 part: i_fks reduced
 comp:           0
   1.1055915293283618        323.27496317561298        292.39999999999998     
   1.0096114926816937        295.21040046012723        292.39999999999998     
   1.0009526002912243        292.67854032515396        292.39999999999998     
   1.0000951753754255        292.42782927977436        292.39999999999998     
   1.0000095166918332        292.40278268069204        292.39999999999998     
   1.0000009516607273        292.40027826559663        292.39999999999998     
   1.0000000951659880        292.40002782653488        292.39999999999998     
   1.0000000095165982        292.40000278265330        292.39999999999998     
   1.0000000009516599        292.40000027826534        292.39999999999998     
   1.0000000000951659        292.40000002782648        292.39999999999998     
 comp:           1
   1.0540925533894598        41.760920908875924        39.617888177459072     
   1.0050378152592121        39.817475779057233        39.617888177459072     
   1.0005003753127737        39.637711990647297        39.617888177459072     
   1.0000500037503124        39.619869220447406        39.617888177459072     
   1.0000050000375003        39.618086268385639        39.617888177459072     
   1.0000005000003751        39.617907986418018        39.617888177459072     
   1.0000000500000037        39.617890158353624        39.617888177459072     
   1.0000000050000000        39.617888375548510        39.617888177459072     
   1.0000000005000000        39.617888197268016        39.617888177459072     
   1.0000000000500000        39.617888179439966        39.617888177459072     
 comp:           2
   1.0540925533894598        86.257899541456737        81.831428619899071     
   1.0050378152592121        82.243680239683528        81.831428619899071     
   1.0005003753127737        81.872375046589468        81.831428619899071     
   1.0000500037503126        81.835520498223502        81.831428619899071     
   1.0000050000375003        81.831837780110874        81.831428619899071     
   1.0000005000003751        81.831469535644075        81.831428619899071     
   1.0000000500000037        81.831432711470796        81.831428619899071     
   1.0000000050000000        81.831429029056210        81.831428619899071     
   1.0000000005000000        81.831428660814794        81.831428619899071     
   1.0000000000500000        81.831428623990647        81.831428619899071     
 comp:           3
   1.1109619429687876       -308.74310043745504       -277.90609965667306     
   1.0100997770604025       -280.71288930693146       -277.90609965667306     
   1.0010009888917415       -278.18428057537659       -277.90609965667306     
   1.0001000098801254       -277.93389301238585       -277.90609965667306     
   1.0000100000987926       -277.90887874512470       -277.90609965667306     
   1.0000010000009882       -277.90637756304733       -277.90609965667306     
   1.0000001000000098       -277.90612744728577       -277.90609965667306     
   1.0000000100000004       -277.90610243573417       -277.90609965667306     
   1.0000000010000001       -277.90609993457917       -277.90609965667306     
   1.0000000001000000       -277.90609968446370       -277.90609965667306     
 
 part: i_fks full/reduced
 comp:           0
  0.10000000000000001        32.327496317561298        323.27496317561298     
   9.9999999999999985E-003   2.9521040046012721        295.21040046012723     
   1.0000000000000000E-003  0.29267854032515395        292.67854032515396     
   1.0000000000000002E-004   2.9242782927977440E-002   292.42782927977436     
   1.0000000000000001E-005   2.9240278268069207E-003   292.40278268069204     
   1.0000000000000004E-006   2.9240027826559671E-004   292.40027826559663     
   1.0000000000000002E-007   2.9240002782653493E-005   292.40002782653488     
   1.0000000000000002E-008   2.9240000278265336E-006   292.40000278265330     
   1.0000000000000003E-009   2.9240000027826541E-007   292.40000027826534     
   1.0000000000000003E-010   2.9240000002782658E-008   292.40000002782648     
 comp:           1
  0.10000000000000002        4.1760920908875931        41.760920908875924     
   1.0000000000000000E-002  0.39817475779057232        39.817475779057233     
   1.0000000000000000E-003   3.9637711990647299E-002   39.637711990647297     
   1.0000000000000000E-004   3.9619869220447407E-003   39.619869220447406     
   1.0000000000000003E-005   3.9618086268385647E-004   39.618086268385639     
   1.0000000000000002E-006   3.9617907986418024E-005   39.617907986418018     
   1.0000000000000001E-007   3.9617890158353629E-006   39.617890158353624     
   1.0000000000000002E-008   3.9617888375548517E-007   39.617888375548510     
   1.0000000000000003E-009   3.9617888197268026E-008   39.617888197268016     
   1.0000000000000002E-010   3.9617888179439974E-009   39.617888179439966     
 comp:           2
  0.10000000000000001        8.6257899541456737        86.257899541456737     
   1.0000000000000000E-002  0.82243680239683525        82.243680239683528     
   1.0000000000000000E-003   8.1872375046589466E-002   81.872375046589468     
   9.9999999999999991E-005   8.1835520498223496E-003   81.835520498223502     
   1.0000000000000001E-005   8.1831837780110882E-004   81.831837780110874     
   1.0000000000000002E-006   8.1831469535644086E-005   81.831469535644075     
   1.0000000000000002E-007   8.1831432711470818E-006   81.831432711470796     
   1.0000000000000002E-008   8.1831429029056229E-007   81.831429029056210     
   1.0000000000000003E-009   8.1831428660814809E-008   81.831428660814794     
   1.0000000000000002E-010   8.1831428623990664E-009   81.831428623990647     
 comp:           3
  0.10000000000000001       -30.874310043745506       -308.74310043745504     
   1.0000000000000000E-002  -2.8071288930693146       -280.71288930693146     
   1.0000000000000002E-003 -0.27818428057537664       -278.18428057537659     
   1.0000000000000002E-004  -2.7793389301238591E-002  -277.93389301238585     
   1.0000000000000001E-005  -2.7790887874512473E-003  -277.90887874512470     
   1.0000000000000002E-006  -2.7790637756304736E-004  -277.90637756304733     
   1.0000000000000002E-007  -2.7790612744728583E-005  -277.90612744728577     
   1.0000000000000000E-008  -2.7790610243573419E-006  -277.90610243573417     
   1.0000000000000001E-009  -2.7790609993457922E-007  -277.90609993457917     
   1.0000000000000003E-010  -2.7790609968446377E-008  -277.90609968446370     
