     
 Soft #          29
 ME*wgt:
   1.0245823093960067        1.4360639140446136E-010   1.4016091248844381E-010
   1.0001883049098022        1.4018730547642775E-010   1.4016091248844381E-010
  0.99999870204810115        1.4016073056632130E-010   1.4016091248844381E-010
  0.99999964234922845        1.4016086235978531E-010   1.4016091248844381E-010
  0.99999996143703562        1.4016090708342354E-010   1.4016091248844381E-010
  0.99999916765695873        1.4016079582648365E-010   1.4016091248844381E-010
   1.0000237084480679        1.4016423548615869E-010   1.4016091248844381E-010
  0.99986994247375616        1.4014268350688948E-010   1.4016091248844381E-010
   1.0031688444828353        1.4060506062269199E-010   1.4016091248844381E-010
  0.99658725811057736        1.3968257947113480E-010   1.4016091248844381E-010
 wgt:
   1.1111111111111114        1.7686529910667292E-006   1.5917876919600560E-006
   1.0101010101010102        1.6078663555152081E-006   1.5917876919600560E-006
   1.0010010010010013        1.5933810730330897E-006   1.5917876919600560E-006
   1.0001000100010000        1.5919468866487209E-006   1.5917876919600560E-006
   1.0000100001000012        1.5918036099961563E-006   1.5917876919600560E-006
   1.0000010000010000        1.5917892837493397E-006   1.5917876919600560E-006
   1.0000001000000101        1.5917878511388412E-006   1.5917876919600560E-006
   1.0000000100000002        1.5917877078779331E-006   1.5917876919600560E-006
   1.0000000010000001        1.5917876935518437E-006   1.5917876919600560E-006
   1.0000000001000000        1.5917876921192349E-006   1.5917876919600560E-006
     
 Soft #          55
 ME*wgt:
   1.0230544864683859        9.1859647577896762E-011   8.9789594584545500E-011
   1.0001811316929885        8.9805858325825343E-011   8.9789594584545500E-011
  0.99999917088803991        8.9789520138918743E-011   8.9789594584545500E-011
  0.99999973694994948        8.9789570965388112E-011   8.9789594584545500E-011
   1.0000003146567902        8.9789622837451129E-011   8.9789594584545500E-011
   1.0000007429299733        8.9789661291926616E-011   8.9789594584545500E-011
   1.0000137446142507        8.9790828707886790E-011   8.9789594584545500E-011
  0.99962905044439365        8.9756287174336293E-011   8.9789594584545500E-011
  0.99933340765944223        8.9729741528533653E-011   8.9789594584545500E-011
  0.95367362510805020        8.5629968164425657E-011   8.9789594584545500E-011
 wgt:
   1.1111111111111114        5.5091244341053476E-007   4.9582119906948117E-007
   1.0101010101010102        5.0082949400957696E-007   4.9582119906948117E-007
   1.0010010010010013        4.9631751658606742E-007   4.9582119906948117E-007
   1.0001000100010000        4.9587078614809598E-007   4.9582119906948117E-007
   1.0000100001000014        4.9582615733105467E-007   4.9582119906948117E-007
   1.0000010000010000        4.9582169489117608E-007   4.9582119906948117E-007
   1.0000001000000101        4.9582124865160601E-007   4.9582119906948117E-007
   1.0000000100000002        4.9582120402769324E-007   4.9582119906948117E-007
   1.0000000010000001        4.9582119956530239E-007   4.9582119906948117E-007
   1.0000000001000000        4.9582119911906330E-007   4.9582119906948117E-007
     
 Soft #          97
 ME*wgt:
   1.0246500502667424        1.2629140315325199E-009   1.2325320544353180E-009
   1.0001951876033466        1.2327726294130711E-009   1.2325320544353180E-009
  0.99999943727746410        1.2325313608617546E-009   1.2325320544353180E-009
  0.99999974515467915        1.2325317403302911E-009   1.2325320544353180E-009
  0.99999997306363342        1.2325320212353826E-009   1.2325320544353180E-009
  0.99999999581612931        1.2325320492785632E-009   1.2325320544353180E-009
  0.99999998403722312        1.2325320347606838E-009   1.2325320544353180E-009
   1.0000008597789711        1.2325331141404597E-009   1.2325320544353180E-009
   1.0000052634724441        1.2325385418338229E-009   1.2325320544353180E-009
  0.99999502873691337        1.2325259271942126E-009   1.2325320544353180E-009
 wgt:
   1.1111111111111114        2.5879884699346921E-005   2.3291896229412225E-005
   1.0101010101010104        2.3527167908497202E-005   2.3291896229412225E-005
   1.0010010010010013        2.3315211440853087E-005   2.3291896229412225E-005
   1.0001000100010002        2.3294225651977424E-005   2.3291896229412225E-005
   1.0000100001000014        2.3292129150703739E-005   2.3291896229412225E-005
   1.0000010000010000        2.3291919521331749E-005   2.3291896229412225E-005
   1.0000001000000101        2.3291898558602082E-005   2.3291896229412225E-005
   1.0000000100000002        2.3291896462331191E-005   2.3291896229412225E-005
   1.0000000010000001        2.3291896252704123E-005   2.3291896229412225E-005
   1.0000000001000000        2.3291896231741417E-005   2.3291896229412225E-005
