 -0.00201952369497647  0.00756423143960315  0.01576860661305177  0.02430728788140374
  0.03294853031962640  0.04177197831608114  0.05060261234169838  0.05965426361052614
  0.06901939965723437  0.07867352914541086  0.08825889986912258  0.09787886487191920
  0.10755125940373668  0.11735049371217217  0.12718325630975089  0.13719836703250610
  0.14733151563234323  0.15767433103175807  0.16814604052527196  0.17880247735730842
  0.18962545996551863  0.20052913823035401  0.21135994153480581  0.22211323188062776
  0.23298035453129101  0.24399408430850758  0.25492119886226089  0.26566948952443264
  0.27649164762636746  0.28726869981448333  0.29797341632391150  0.30882914256391814
  0.32035208748037214  0.33219855948784316  0.34387236827340445  0.35526965266660349
  0.36645639465105906  0.37741260125367049  0.38815096326396609  0.39905291180030361
  0.41004525303599698  0.42120633611767816  0.43288994226566896  0.44464320814612562
  0.45627139311443177  0.46764560708628611  0.47913724290375498  0.49105041803483901
  0.50323781042964300  0.51588492483007620  0.52842038296147253  0.54074656123673548
  0.55240725085263120  0.56347005454284382  0.57422784313134845  0.58505478166885727
  0.59604953800772797  0.60714183459884818  0.61832422320644842  0.62960674407712014
  0.64104400320929777  0.65260530780694759  0.66420555200635123  0.67589500995856022
  0.68767541851711778  0.69947826272964930  0.71118149002312903  0.72265387120768387
  0.73398584810284895  0.74513158810275759  0.75617830352500881  0.76718419471797961
  0.77801435872504698  0.78865501205085287  0.79935451923365275  0.81005742970081229
  0.82078097972034525  0.83118818784645543  0.84135446072886144  0.85130465405369593
  0.86135092039772321  0.87128663791689243  0.88117768167142485  0.89089223840582321
  0.90046016313079735  0.90989569427154504  0.91923147156421758  0.92858987336908638
  0.93803388331634641  0.94753682467882827  0.95689685234454080  0.96614973214431243
  0.97504884262752201  0.98372183953829040  0.99193687647160744  1.00000000000000000
 -0.00269791005714847  0.01012058715007740  0.02055599142373349  0.03112953314654407
  0.04170030122892991  0.05242735178187342  0.06333812998071472  0.07414016479194106
  0.08473407208666203  0.09508348208278274  0.10524938368979979  0.11548691557404707
  0.12562918359580133  0.13588249250759898  0.14620591557302579  0.15667303535097232
  0.16712175434372983  0.17776802330309344  0.18837395266604828  0.19904247052979510
  0.20948815787619815  0.21991128162505486  0.23046032274998773  0.24113808783463694
  0.25197900439673993  0.26248263423216284  0.27310209102969918  0.28377344139874944
  0.29464457211397604  0.30542542608609741  0.31635782832175063  0.32741811581424385
  0.33810648335038712  0.34849107749418851  0.35845505056216453  0.36854689524260403
  0.37874500865923039  0.38917060977528917  0.39971339565740877  0.41023191651986274
  0.42088134148059020  0.43158151968664610  0.44235348698625954  0.45325767744251483
  0.46456457731528661  0.47608533013290133  0.48718021416349810  0.49812047531109638
  0.50886793987079759  0.51976731394416265  0.53058004467578468  0.54135078503286171
  0.55197273214968956  0.56243841911607761  0.57275053619449978  0.58310977829597410
  0.59345231289646416  0.60371183405599127  0.61370861865304349  0.62363582268564544
  0.63366793110272535  0.64384774843334502  0.65410341734377753  0.66461935571051944
  0.67549042734444797  0.68660934168427357  0.69761367611010638  0.70864380807336946
  0.71959748467053508  0.73048188752667742  0.74117088670469367  0.75185364514061237
  0.76267440760973837  0.77341785731636215  0.78400272344993205  0.79461030178952852
  0.80520667310229799  0.81559556451336623  0.82565800236950981  0.83567640332748272
  0.84582538634011439  0.85594235883552994  0.86579995198835613  0.87577801194370275
  0.88608362704083166  0.89659977272761648  0.90725378209724028  0.91791096720849485
  0.92857515622898057  0.93905549551073042  0.94922883353646725  0.95956465761690712
  0.96991481600905938  0.98017950667054332  0.99024253948408913  1.00000000000000000
 -0.00399237917994222  0.02635796922991968  0.04868864349165834  0.06785287416477516
  0.08528964981450349  0.10137312618707231  0.11648670537136893  0.13093851369797233
  0.14468746521485842  0.15813605606265854  0.17121370264247726  0.18388701494362328
  0.19626942738966416  0.20838537772557772  0.22067389807434967  0.23286809079087828
  0.24498182559016474  0.25701610361057003  0.26879956663307542  0.28010794953847173
  0.29108525146768338  0.30221104668641130  0.31361226328897990  0.32485281575071068
  0.33596788905912267  0.34692852429649162  0.35776887842101424  0.36844412217458394
  0.37890434630974135  0.38921990436569798  0.39948352738078446  0.40952974948359877
  0.41965086428158399  0.42948266016972270  0.43945336134498986  0.44958489276274377
  0.45935378948087779  0.46870600875826085  0.47777142255199179  0.48676262834609424
  0.49557260384882401  0.50441984968498133  0.51329097335463958  0.52252941141730969
  0.53187752153493761  0.54117333923946287  0.55011353415253994  0.55893569937350251
  0.56774664648787965  0.57648899721215741  0.58546678516840978  0.59442973844661517
  0.60338673674128418  0.61240653958323887  0.62155250647953442  0.63066883067148272
  0.63986023371863787  0.64914683468767242  0.65855940153289461  0.66780646339391303
  0.67667906911280906  0.68544984207205040  0.69426261816524604  0.70312419282220107
  0.71184776503695557  0.72033870257384847  0.72883205034328347  0.73745079374532063
  0.74611949437591851  0.75475840324715582  0.76343985326765584  0.77217423522791007
  0.78105433826306692  0.79001865677943051  0.79901514419326580  0.80786076395754669
  0.81671499930004587  0.82542098304198430  0.83408392214890703  0.84272679416351814
  0.85148653202698621  0.85999683020016138  0.86843917540739590  0.87685348161959342
  0.88537308520748526  0.89401251427721662  0.90263007919630767  0.91120010755673397
  0.91977936827999518  0.92845569139363193  0.93732949527654741  0.94657867895200720
  0.95644558094444621  0.96741176708376553  0.98131486932576828  1.00000000000000000
 -0.02419228694429934  0.15785491246521399  0.20731681713305408  0.24078320664926711
  0.26735338505027173  0.28967771842157175  0.30943814809808523  0.32712413023292952
  0.34299728182809808  0.35774448117736113  0.37140904270565817  0.38433174210397036
  0.39642063139587908  0.40778049741442846  0.41852871309438877  0.42885831204786706
  0.43879175247667174  0.44831710582233036  0.45751467845247473  0.46640061096611490
  0.47498613874634577  0.48326443377731126  0.49123785810930365  0.49899523795726741
  0.50653847873303259  0.51390903390219789  0.52117081129531595  0.52830648213694942
  0.53532994211625029  0.54219662979164807  0.54886113031627026  0.55540442524512579
  0.56182167429124064  0.56813172978674242  0.57432323024636101  0.58043339835054231
  0.58645338536396430  0.59237089822393363  0.59828677058548974  0.60414411375459709
  0.60984328814132416  0.61553000370602384  0.62114720503714027  0.62667367473218372
  0.63207489858350885  0.63736094202109450  0.64259352366984801  0.64774955358441422
  0.65285737918219988  0.65793341292926655  0.66291500929275915  0.66793904630758594
  0.67288015990482397  0.67785384269274429  0.68280154730911080  0.68767928067137418
  0.69249116849294856  0.69727000336230049  0.70204833480527262  0.70682717705713072
  0.71161176954591532  0.71638390449592237  0.72110833113881356  0.72579813060017528
  0.73043792042896449  0.73511888138418713  0.73981651396788328  0.74452757812864157
  0.74929526787144651  0.75412737550504760  0.75900467479584932  0.76389180974743753
  0.76878215302599839  0.77369643166256530  0.77864443627735513  0.78363627430168648
  0.78871533576366115  0.79394376559815061  0.79932060705661923  0.80477745125106104
  0.81029111513216490  0.81591789883460830  0.82168901267653227  0.82762594967060166
  0.83381432881407391  0.84033742596914296  0.84717675467589948  0.85434459752515157
  0.86222755484181679  0.87055669228499089  0.87964603035515632  0.89000441623015047
  0.90205276445955551  0.91789639375087817  0.94155423378149838  1.00000000000000000
   1.1167193989092945E-010  -1.0000000000000000     
 F F F F F F F F F F F F F F F F
  <DiscreteSampler_grid>
  grouped_processes
  1 # 1 for a reference and 2 for a running grid.
  10 # Attribute 'min_bin_probing_points' of the grid.
  1 # Attribute 'grid_mode' of the grid. 1=='default',2=='initialization'
  0.0000000000000000 # Attribute 'small_contrib_threshold' of the grid.
  0.5000000000000000 # Attribute 'damping_power' of the grid.
 # binID   n_entries weight   weight_sqr   abs_weight
    10   10   7.005034537242821E+001   5.260584001171637E+003   7.005034537242821E+001
  </DiscreteSampler_grid>
