 -0.00196168228551485  0.00838279634527692  0.01734415023488226  0.02659603324749854
  0.03585921556119172  0.04533727305135789  0.05485667156408685  0.06449061046951675
  0.07416788246777709  0.08387341317922999  0.09381094729569810  0.10380333379289115
  0.11367642926928401  0.12356511055512341  0.13341617348755347  0.14335939312180762
  0.15335170159328190  0.16338247374050885  0.17352488162762339  0.18367658698844724
  0.19420099846230454  0.20501419281525438  0.21591666283284508  0.22675850895165844
  0.23754101688864107  0.24841133257137132  0.25923357957489879  0.26999442293126330
  0.28077926628204786  0.29175472596982549  0.30281433724395740  0.31401995392880322
  0.32523429935257547  0.33632204562823703  0.34732240500462436  0.35845843263986826
  0.36985540943431555  0.38133455147775497  0.39262745357044115  0.40371030192738172
  0.41466131651083266  0.42561273186271453  0.43658102128976178  0.44753530269797870
  0.45850922495513480  0.46950927330772979  0.48075007716657375  0.49222678300758610
  0.50355342690270710  0.51459560265256288  0.52564041605317458  0.53667522508689547
  0.54773094543327716  0.55867058558441363  0.57019598094613555  0.58193647891931166
  0.59358359309096032  0.60517538343607535  0.61658353733260063  0.62777874106661180
  0.63843464805868178  0.64955984378815945  0.66101851996166794  0.67228339120225733
  0.68315286619806026  0.69420173962026299  0.70529142229092179  0.71619257413063198
  0.72725533481057558  0.73854040442982571  0.74970478079975977  0.76052633236261591
  0.77118276380502238  0.78175021749426032  0.79218448664668395  0.80259086046857664
  0.81291765298939622  0.82304046196523195  0.83300843218913234  0.84304971814774121
  0.85325440047874512  0.86339025825503335  0.87361227862922786  0.88396936089139544
  0.89426415593321862  0.90411192613320301  0.91371866420876069  0.92352579830826176
  0.93361354197351498  0.94367271249068030  0.95351088382646609  0.96322831093385619
  0.97255301455306642  0.98204686023104060  0.99099122955807362  1.00000000000000000
 -0.00240040144190392  0.00945913230908630  0.01943363690960031  0.02973617422120708
  0.04008803393408363  0.05025882908729939  0.06029724601066870  0.07051804409519151
  0.08080656235487604  0.09135695813838376  0.10205386110828224  0.11256542944203642
  0.12308229070503164  0.13392757146308851  0.14496530806410191  0.15591470570335622
  0.16623058082415271  0.17638740795263411  0.18652599160722180  0.19690401739767946
  0.20714755071304378  0.21729973630774796  0.22748064487459124  0.23799416765988260
  0.24875425698330977  0.25918230948069054  0.26948284301153058  0.27940570552741922
  0.28932596802316418  0.29934788127855977  0.30951116252941419  0.32015357684775608
  0.33106184505979824  0.34212065218291371  0.35313530026119277  0.36397474485471198
  0.37467955028069722  0.38539541844206121  0.39615197341440433  0.40725040977583388
  0.41832770823602816  0.42924638866468823  0.43984732329830972  0.44995075512770433
  0.46015149554349555  0.46992781564354741  0.47989256406484287  0.48981841697152911
  0.50005023638853108  0.51045431468043045  0.52090688102998306  0.53147021228797575
  0.54177311543769113  0.55211760897318296  0.56241929423655990  0.57314493018411805
  0.58422311574457930  0.59504666580826426  0.60596383304910462  0.61666390874998711
  0.62734532961735701  0.63781965122311091  0.64836038719689693  0.65906193580391093
  0.66965647817252072  0.68009822575572987  0.69032694580133380  0.70058803213042908
  0.71116305067652152  0.72187043637004156  0.73255137046421848  0.74300837659097763
  0.75348198783346920  0.76424228064845989  0.77489753159834640  0.78581292370378630
  0.79683570357108191  0.80796643357299724  0.81893643623850343  0.82977554601805581
  0.84034631430904205  0.85086253384198574  0.86125597509477347  0.87179690333733839
  0.88242102494767294  0.89316684976664473  0.90391615427842598  0.91469017146703335
  0.92537819769639018  0.93606894502203730  0.94672286317333065  0.95753625353486549
  0.96816759592656876  0.97885582930390880  0.98943638387952215  1.00000000000000000
 -0.00234147617221457  0.01689680990432083  0.03205551091438846  0.04539715982023532
  0.05745744458504497  0.06872073632197020  0.07933605614572109  0.08930538755094275
  0.09872860251122748  0.10795479912640867  0.11704453933510048  0.12603836343163224
  0.13490710114332063  0.14367440368888729  0.15246993999644068  0.16121244858233466
  0.16998981276485622  0.17871346354677678  0.18736841103333007  0.19597373522530220
  0.20447220211470360  0.21279462410521560  0.22098143429808326  0.22895217042027838
  0.23679353929686053  0.24464524051613942  0.25254186948348473  0.26040875430707078
  0.26823764623841273  0.27611793912240862  0.28405749413128095  0.29203222767629289
  0.29997320795549781  0.30773399719237576  0.31543608708241544  0.32326436378972101
  0.33125320188546531  0.33933546787372093  0.34730259821639731  0.35520216900500340
  0.36313079773615575  0.37109200400456188  0.37905797675608499  0.38713163243067522
  0.39517391677977798  0.40310305791864637  0.41089584100335225  0.41876059575998953
  0.42697909307791337  0.43525835683127023  0.44369203860272460  0.45219862156624585
  0.46064171407929433  0.46908955751608128  0.47754753156889351  0.48613582697318253
  0.49482650894292363  0.50342698988441581  0.51181649283842134  0.52006827017798596
  0.52831380792506655  0.53656385016328656  0.54498993833383635  0.55345129438153684
  0.56213433622701359  0.57093483195317662  0.57967559447480588  0.58855367236106526
  0.59731207930643648  0.60607243091150265  0.61493032100909173  0.62390808394511921
  0.63334092105567219  0.64293301774326217  0.65292134575546679  0.66323454340103960
  0.67361380977541363  0.68411419718513300  0.69488586944096609  0.70579052206409976
  0.71678186160035773  0.72786797062861475  0.73946555477317799  0.75141630069211118
  0.76362878904939635  0.77631062630591641  0.78956957179461440  0.80351253405531708
  0.81819765794275290  0.83386422683689654  0.85056543596971512  0.86872217007416352
  0.88911638648811409  0.91361105740435156  0.94636845319731222  1.00000000000000000
 -0.02045463163687974  0.13270383710822956  0.18049204602612001  0.21121682350210136
  0.23590778829015729  0.25671676382454889  0.27541534856993033  0.29231095194651752
  0.30785497595816930  0.32232171118083297  0.33590618459490951  0.34871964297194463
  0.36098959199804315  0.37271129050368568  0.38400929006501039  0.39491283970268370
  0.40531395655609037  0.41532678231291736  0.42487796929113691  0.43415144686039581
  0.44304585807095065  0.45169003304952310  0.46023161796439771  0.46856394998008666
  0.47665573933499639  0.48445496943051708  0.49199402270603421  0.49948061723112297
  0.50684560806854306  0.51413697335170649  0.52134100716475484  0.52835043550581717
  0.53520839483953575  0.54198589513258555  0.54860187644259761  0.55514197537509369
  0.56159738732917586  0.56800644394482291  0.57434353988711462  0.58065431840423587
  0.58684888997455076  0.59296893566208009  0.59905187813990146  0.60502292185618867
  0.61085030363861659  0.61660495272369131  0.62233492120676748  0.62802498852425193
  0.63359918116477443  0.63908792466675779  0.64459473340896745  0.65004711235976476
  0.65547515229952769  0.66086586829687299  0.66621331785127125  0.67153137204296587
  0.67681774601584777  0.68206816557736716  0.68730803522656592  0.69254074937779431
  0.69781505556952361  0.70315094416270241  0.70844908324344213  0.71363570683665367
  0.71873235564580273  0.72384784417767833  0.72899851059434884  0.73414556504212203
  0.73929101292452071  0.74445890926476621  0.74966355608958679  0.75489644052072302
  0.76020837757124138  0.76543504467195400  0.77073068636040309  0.77609262770161302
  0.78151224404761976  0.78702143033699246  0.79268687719332775  0.79847952161282476
  0.80431393030446385  0.81027480150717635  0.81650798044426842  0.82297608008327949
  0.82957914401457711  0.83644603143835194  0.84379235015461007  0.85139842445335190
  0.85951728303015973  0.86830772374396792  0.87779680985982456  0.88873612106512445
  0.90131574030819761  0.91748889154398583  0.94216849899283550  1.00000000000000000
   1.6473198161206398E-003  -1.0000000000000000     
 F F F F F F F F F F F F F F F F
  <DiscreteSampler_grid>
  grouped_processes
  1 # 1 for a reference and 2 for a running grid.
  10 # Attribute 'min_bin_probing_points' of the grid.
  1 # Attribute 'grid_mode' of the grid. 1=='default',2=='initialization'
  0.0000000000000000 # Attribute 'small_contrib_threshold' of the grid.
  0.5000000000000000 # Attribute 'damping_power' of the grid.
 # binID   n_entries weight   weight_sqr   abs_weight
    10   10   2.896826712270352E+008   8.643428172934416E+016   2.896826712270352E+008
    11   10   2.896826712270352E+008   8.643428172934416E+016   2.896826712270352E+008
  </DiscreteSampler_grid>
