 AVE   0.0000000000000000        0.0000000000000000        0.0000000000000000        0.0000000000000000        0.0000000000000000        0.0000000000000000        0.0000000000000000     
 AVE   2.6970354669906566E-002   3.0572850107787559E-002   4.5286309752095973E-002  0.25911813501617614       0.14197930930049898       0.14020610332405736        3.0576286305674251E-002
 AVE   5.4854371185411872E-002   6.0504184304748139E-002   8.2260042618080495E-002  0.35648335940677395       0.22954950003505153       0.23392738207490371        6.1586639674576948E-002
 AVE   8.2034793486920915E-002   9.2606629415465228E-002  0.10970769725943444       0.40524329047168495       0.28907849145011200       0.29371136635205186        9.2792476801665552E-002
 AVE  0.11009610949734179       0.12431341012482275       0.13658084558486153       0.44267245655932907       0.33806711372578707       0.34637094592228806       0.12383335412170145     
 AVE  0.13867886598721402       0.15595052178561944       0.15965834448197455       0.47217965712886217       0.38003020430175499       0.38674722042878501       0.15505532575802783     
 AVE  0.16726361004451470       0.18736228286679285       0.18326749538444395       0.49947304265984233       0.41862782436303964       0.42671976860852723       0.18571150248854823     
 AVE  0.19716474774796630       0.21798849565528725       0.20557143493660923       0.52325867826933414       0.45405354292963662       0.46301487785884027       0.21689837970115539     
 AVE  0.22642432202856438       0.24879847821538797       0.22827391673557160       0.54489990227776364       0.48647736400180713       0.49650539883468098       0.24767012508297959     
 AVE  0.26022759326372119       0.27927094963248250       0.24877404243394977       0.56378321845446600       0.51641927942076515       0.52561848999570526       0.28090818526061967     
 AVE  0.29319423521901838       0.30972969153075047       0.26942563771342021       0.58204268764049893       0.54515993818624764       0.55485046905118152       0.31375914275634237     
 AVE  0.32673881614994127       0.34143824972505410       0.28966300690728736       0.59868196401443818       0.57268022695811249       0.58207926274648458       0.34472274559288874     
 AVE  0.36030727899499954       0.37320209314154223       0.31002848238488329       0.61436616989647463       0.59853680742761206       0.60849338168660694       0.37581203088584159     
 AVE  0.39477653145740710       0.40383261433959994       0.32992249705991561       0.62914266278529485       0.62300445588547226       0.63392998364228026       0.40741811880831225     
 AVE  0.42930822534868379       0.43429533981408891       0.34956989968484398       0.64361183200552630       0.64694097840833586       0.65898884891869136       0.43927249912370270     
 AVE  0.46355804787499644       0.46481170223403240       0.36949984336609809       0.65751231006789734       0.67008204805113947       0.68263637510275754       0.47100681711977382     
 AVE  0.49776986768372189       0.49517020543645401       0.38986412489628003       0.67116745715048165       0.69284784892728357       0.70556091436520008       0.50269066284946273     
 AVE  0.53178236219023656       0.52601737588118724       0.41039179390534020       0.68437724159617264       0.71474315394891907       0.72668191424049300       0.53374860152716164     
 AVE  0.56570034594666252       0.55695802915246095       0.43110109664204288       0.69740122975884289       0.73638059436882908       0.74775538915179929       0.56535996302819214     
 AVE  0.59980701531348224       0.58782421681996666       0.45196098448163724       0.70975755071919810       0.75719686514560947       0.76806140500472941       0.59699567082827443     
 AVE  0.63350965266951476       0.61830640537624593       0.47300606465057715       0.72193854006591107       0.77726462191452517       0.78851214022653082       0.62810809107492593     
 AVE  0.66692006236303358       0.65009812695868285       0.49481394492157288       0.73414267928141252       0.79674274300133163       0.80765894191983789       0.65844475659929369     
 AVE  0.70045060977731122       0.68134469956197397       0.51688882993044638       0.74650595576120615       0.81594723779485734       0.82705312074706416       0.68809716973636770     
 AVE  0.73418158996953597       0.71346142909122812       0.53981320519479037       0.75896307578330990       0.83472134677741960       0.84650571385129481       0.71907845184002395     
 AVE  0.76697499682546266       0.74557001736236495       0.56303345399069338       0.77099949738417806       0.85349832714191509       0.86539760103017338       0.75041719686745478     
 AVE  0.79792846103416049       0.77775180499711072       0.58823250737619059       0.78445071017842027       0.87131014274314078       0.88264670055055439       0.78089549844724804     
 AVE  0.82927470920072122       0.80988103456131588       0.61457177649551531       0.79774547243919947       0.88941038822146767       0.90009949682229518       0.81116355507063054     
 AVE  0.85962119879523224       0.84221386249724695       0.64381295576982633       0.81256706152098424       0.90730691370041661       0.91718805193150665       0.84280793667107046     
 AVE  0.88981251941387174       0.87533374363299665       0.67471107449752599       0.82751156564994865       0.92489120649132672       0.93431476131059332       0.87314046321080785     
 AVE  0.91787413613872360       0.90623485735195852       0.71288209930227620       0.84593474538516955       0.94234761221307550       0.95097567367452562       0.90534974427291037     
 AVE  0.94561499567565799       0.93724910849647547       0.75789527438987359       0.86739165690818965       0.95988598212393772       0.96741125912622061       0.93719036715296677     
 AVE  0.97309461374482276       0.96887870666575038       0.83688266550033819       0.90705509041298926       0.97944327118947494       0.98397806316572778       0.96842966637864802     
 AVE   1.0000000000000000        1.0000000000000000        1.0000000000000000        1.0000000000000000        1.0000000000000000        1.0000000000000000        1.0000000000000000     
 AVE  -57.029040237157965       -57.557405607851535       -58.962314712683153       -56.150630598203293     
 AVE   0.0000000000000000        0.0000000000000000        0.0000000000000000        0.0000000000000000     
 AVE  0.15955412125958007       0.15339604092981607        6.1601920465576609E-002  0.14841000019197276     
 AVE   0.0000000000000000        0.0000000000000000        0.0000000000000000        0.0000000000000000     
 AVE  -58.297308896196533       -58.321235080130656       -59.663721130953448       -57.099630877727812     
 AVE   0.0000000000000000        0.0000000000000000        0.0000000000000000        0.0000000000000000     
 AVE  0.15874787218201641       0.15194960916017786       0.12134071146757230       0.15230632698377222     
 AVE   0.0000000000000000        0.0000000000000000        0.0000000000000000        0.0000000000000000     
 AVE  -58.023122695672861       -58.250704392836212       -59.476635025980087       -57.444822324153009     
 AVE   0.0000000000000000        0.0000000000000000        0.0000000000000000        0.0000000000000000     
 AVE  0.16569282324882795       0.15112167016457626       0.14275131105346975       0.14626637885177246     
 AVE   0.0000000000000000        0.0000000000000000        0.0000000000000000        0.0000000000000000     
 AVE  -58.267285810452258       -57.782350243712607       -59.232554655410638       -57.852791548291954     
 AVE   0.0000000000000000        0.0000000000000000        0.0000000000000000        0.0000000000000000     
 AVE  0.16805818453969382       0.15478499794899758       0.15837304760558152       0.15384411044085758     
 AVE   0.0000000000000000        0.0000000000000000        0.0000000000000000        0.0000000000000000     
 AVE  -57.786303518251792       -58.076031615812539       -58.324914549181671       -57.731268071785202     
 AVE   0.0000000000000000        0.0000000000000000        0.0000000000000000        0.0000000000000000     
 AVE  0.16575073523569897       0.14977553012827713       0.17263014475904237       0.15464199803787676     
 AVE   0.0000000000000000        0.0000000000000000        0.0000000000000000        0.0000000000000000     
 AVE  -58.320092080870928       -57.874953050682379       -56.289585042603157       -57.993487699663440     
 AVE   0.0000000000000000        0.0000000000000000        0.0000000000000000        0.0000000000000000     
 AVE  0.15757676759537648       0.15200063562175786       0.19084729350706456       0.15536514723334885     
 AVE   0.0000000000000000        0.0000000000000000        0.0000000000000000        0.0000000000000000     
 AVE  -58.209397303539262       -57.253041632162102       -51.360748758604274       -58.249340975941948     
 AVE   0.0000000000000000        0.0000000000000000        0.0000000000000000        0.0000000000000000     
 AVE  0.14338082637025729       0.15531306914972859       0.21867639207585415       0.14949613132548278     
 AVE   0.0000000000000000        0.0000000000000000        0.0000000000000000        0.0000000000000000     
 AVE  -57.398912413892681       -57.920263499330652       -44.474678387926183       -57.381394701370063     
 AVE   0.0000000000000000        0.0000000000000000        0.0000000000000000        0.0000000000000000     
 AVE  0.10903493388842631       0.15239116029371308       0.26464220112665104       0.14431948228316091     
 AVE   0.0000000000000000        0.0000000000000000        0.0000000000000000        0.0000000000000000     
 SUM   119.23698061999546       -119.23698003958674       -119.24020347224463       -6.6503772475911012        119.31230269337586        8.8673217761084597        0.0000000000000000        0.0000000000000000       -3.3580697510695290E-003   8.8673217761084597       -119.23698003958674        0.0000000000000000        0.0000000000000000        0.0000000000000000        0.0000000000000000        0.0000000000000000        0.0000000000000000        0.0000000000000000        0.0000000000000000        0.0000000000000000        0.0000000000000000        0.0000000000000000        0.0000000000000000        0.0000000000000000        0.0000000000000000        0.0000000000000000     
 QSM   1.1025153417253031        1.1025153453093550        1.1027147747257140        5.5656041378166619E-002   1.1022690393788694        7.7360976681279614E-002   0.0000000000000000        0.0000000000000000        4.9942615124334930E-003   7.7360976681279614E-002   1.1025153453093550        0.0000000000000000        0.0000000000000000        0.0000000000000000        0.0000000000000000        0.0000000000000000        0.0000000000000000        0.0000000000000000        0.0000000000000000        0.0000000000000000        0.0000000000000000        0.0000000000000000        0.0000000000000000        0.0000000000000000        0.0000000000000000        0.0000000000000000     
 SPE        8748           2        4363
 AVE   1.0000000000000000       -51.558412496636407     
 AVE   0.0000000000000000        0.0000000000000000        0.0000000000000000        0.0000000000000000        0.0000000000000000        0.0000000000000000        0.0000000000000000     
 AVE   2.5691517145722292E-002   3.1321383240085023E-002   4.5387944842351383E-002  0.25304978346390317       0.14734717503585662       0.14346735024738472        3.1102312434851846E-002
 AVE   5.2286819079367358E-002   6.2940846155209354E-002   8.1707371602410747E-002  0.35868752732605835       0.23794427603359269       0.23485577919984127        6.2127985934718334E-002
 AVE   7.9229857335038179E-002   9.3686153109513004E-002  0.10892939704700369       0.40503624899298263       0.29535108971551333       0.29324447759521960        9.2956605409697801E-002
 AVE  0.10623897414268861       0.12478162434817468       0.13522868118309095       0.44411140606991534       0.34476153076869892       0.34387640565023014       0.12370418305944962     
 AVE  0.13690498177649069       0.15560534132239590       0.15777803836705051       0.47283038591555288       0.38682914060930756       0.38564041960473883       0.15452701725383552     
 AVE  0.16676714281447949       0.18633353841682465       0.18036928790170081       0.49978335563375043       0.42532535142360867       0.42460698578484091       0.18437696100329962     
 AVE  0.19762170733597620       0.21695429899423721       0.20246444003302280       0.52281593979612040       0.46034255735844587       0.46060844574708354       0.21648907870271056     
 AVE  0.22875606856807235       0.24742155914141870       0.22411351729927068       0.54457044784553954       0.49253375413711686       0.49421443373403495       0.24808937306412560     
 AVE  0.26094333477272380       0.27853403029034751       0.24483605097245673       0.56354362269686886       0.52259213076149547       0.52406572112079952       0.28021075333584183     
 AVE  0.29386651273549153       0.30962873915106137       0.26517234431979664       0.58192342509300599       0.55130765871453613       0.55242846231842890       0.31155438640645444     
 AVE  0.32748789298523001       0.34156363991804756       0.28555305685069171       0.59883993964293858       0.57870356901949949       0.57906972257497413       0.34210416746547700     
 AVE  0.36126226935400041       0.37224258955164186       0.30562341850377456       0.61501240984278016       0.60515067169077441       0.60568482016778691       0.37330052491482807     
 AVE  0.39594717370075361       0.40365649588672187       0.32612692368782015       0.63001655984927518       0.63056969354419579       0.63193005261113677       0.40369538428971768     
 AVE  0.43044620890362256       0.43516637888402265       0.34645584398498863       0.64460512729781971       0.65473642714694158       0.65722677129156426       0.43398665930044139     
 AVE  0.46516393488665925       0.46833913346172362       0.36699406483635666       0.65842338950580370       0.67782269859463307       0.68166305458638232       0.46421443602158025     
 AVE  0.50011456186794401       0.50206677277051781       0.38789222654207001       0.67205915580087594       0.70044569578783067       0.70557589714553415       0.49447162706904696     
 AVE  0.53558415383673019       0.53291446920448593       0.40829228087101488       0.68503898246389494       0.72265439259303665       0.72694159919697865       0.52720217032535788     
 AVE  0.57097142474429008       0.56474494165060263       0.42872640169943671       0.69798043110732888       0.74429893930940749       0.74860050653572052       0.55925497853463324     
 AVE  0.60452630856646938       0.59556317302593653       0.45016953557935979       0.71085925669433592       0.76531198612417906       0.76928600258338486       0.59090457040351974     
 AVE  0.63863120293130182       0.62700590601322836       0.47177244502434434       0.72349717178216288       0.78523798391945088       0.78944895902568313       0.62209218387303056     
 AVE  0.67125436976651209       0.65762004121281925       0.49387183915750082       0.73537792942561220       0.80487379749308419       0.80886617095847746       0.65333153081090745     
 AVE  0.70403602279852717       0.68776181499465716       0.51641539310239337       0.74748086615078857       0.82424693770228574       0.82805973819130541       0.68484047428309125     
 AVE  0.73608484736094826       0.71940662641003750       0.53983353368431708       0.75966870331021052       0.84308561879256361       0.84688437610773160       0.71644613236896049     
 AVE  0.76813722504338122       0.74998225742397884       0.56300530762598611       0.77183064940960133       0.86180453110453903       0.86534854125728267       0.74919051622434329     
 AVE  0.79965673768772116       0.78097176291083648       0.58945413799590418       0.78522269868251893       0.88029644271070229       0.88271985799449959       0.77963165832739789     
 AVE  0.83125087812146692       0.81185361430303438       0.61682879341321395       0.79832386894538876       0.89856660631960272       0.90014083769101749       0.81001029488008236     
 AVE  0.86102494725507828       0.84284806052189098       0.64750603150581187       0.81264641755624201       0.91647938675043028       0.91762207406075924       0.84135210819130879     
 AVE  0.89207198838999446       0.87413599411948883       0.67819334848929835       0.82643497222346340       0.93435663280361070       0.93495425197202486       0.87274036891548845     
 AVE  0.92033164156808855       0.90551177540125938       0.71691917333780431       0.84492702036573530       0.95033578587364009       0.95187686570011298       0.90524300088367404     
 AVE  0.94914864528295062       0.93639694143416319       0.76134198408459919       0.86596816512912489       0.96684161012671066       0.96814285435946290       0.93761219682923680     
 AVE  0.97446129434838724       0.96840843407737409       0.84012805135705448       0.90768737302154356       0.98345831873014622       0.98407844020544144       0.96878132253364468     
 AVE   1.0000000000000000        1.0000000000000000        1.0000000000000000        1.0000000000000000        1.0000000000000000        1.0000000000000000        1.0000000000000000     
 AVE  -58.137530184397889       -58.316350169792265       -59.548419559622552       -57.253358639579133     
 AVE   0.0000000000000000        0.0000000000000000        0.0000000000000000        0.0000000000000000     
 AVE  0.15777200539244313       0.15581254676095971        6.2224262096464901E-002  0.14422622543769120     
 AVE   0.0000000000000000        0.0000000000000000        0.0000000000000000        0.0000000000000000     
 AVE  -58.819470509125374       -58.396338057897204       -59.845872418263028       -57.239352294000099     
 AVE   0.0000000000000000        0.0000000000000000        0.0000000000000000        0.0000000000000000     
 AVE  0.16279082721762314       0.15249155940401685       0.12122311670131698       0.15454984635148186     
 AVE   0.0000000000000000        0.0000000000000000        0.0000000000000000        0.0000000000000000     
 AVE  -58.121764618044111       -58.401438148132662       -60.097149217045377       -57.874964189028553     
 AVE   0.0000000000000000        0.0000000000000000        0.0000000000000000        0.0000000000000000     
 AVE  0.17066409483824549       0.14954698461915214       0.14172857922557688       0.15827591946003933     
 AVE   0.0000000000000000        0.0000000000000000        0.0000000000000000        0.0000000000000000     
 AVE  -58.495928454102504       -58.191461979847126       -60.046907695361170       -58.420059288074739     
 AVE   0.0000000000000000        0.0000000000000000        0.0000000000000000        0.0000000000000000     
 AVE  0.16661788311955836       0.15429424083592874       0.15790956204851869       0.15268030997371912     
 AVE   0.0000000000000000        0.0000000000000000        0.0000000000000000        0.0000000000000000     
 AVE  -58.404472604651325       -58.088745964363746       -58.764158192987381       -58.233896023477740     
 AVE   0.0000000000000000        0.0000000000000000        0.0000000000000000        0.0000000000000000     
 AVE  0.16582875319896059       0.15565289726360854       0.17209332008302786       0.15532407724315492     
 AVE   0.0000000000000000        0.0000000000000000        0.0000000000000000        0.0000000000000000     
 AVE  -58.501843587725453       -58.408141993676203       -56.743275844221991       -58.270152376305859     
 AVE   0.0000000000000000        0.0000000000000000        0.0000000000000000        0.0000000000000000     
 AVE  0.16327386339651143       0.15243782788794344       0.19129708305106446       0.15332626747786543     
 AVE   0.0000000000000000        0.0000000000000000        0.0000000000000000        0.0000000000000000     
 AVE  -58.040951244111525       -58.485670049668180       -52.046671835797696       -58.513632279281580     
 AVE   0.0000000000000000        0.0000000000000000        0.0000000000000000        0.0000000000000000     
 AVE  0.14777807705634563       0.15337181591946916       0.21946121956939435       0.15327684819965959     
 AVE   0.0000000000000000        0.0000000000000000        0.0000000000000000        0.0000000000000000     
 AVE  -57.987582672573758       -58.106066754478206       -44.612870427929657       -58.538356695777182     
 AVE   0.0000000000000000        0.0000000000000000        0.0000000000000000        0.0000000000000000     
 AVE  0.10577882522595866       0.15530111334970534       0.24782714116822566       0.14609128703654922     
 AVE   0.0000000000000000        0.0000000000000000        0.0000000000000000        0.0000000000000000     
 SUM   118.67481897453247       -118.67481841714074       -118.67168423829804       -6.7152605588620302        118.74696512580897        8.9065209270349435        0.0000000000000000        0.0000000000000000        3.4415023591146260E-003   8.9065209270349435       -118.67481841714074        0.0000000000000000        0.0000000000000000        0.0000000000000000        0.0000000000000000        0.0000000000000000        0.0000000000000000        0.0000000000000000        0.0000000000000000        0.0000000000000000        0.0000000000000000        0.0000000000000000        0.0000000000000000        0.0000000000000000        0.0000000000000000        0.0000000000000000     
 QSM   1.0874294375208167        1.0874294409953789        1.0875850798435938        5.5565444214659317E-002   1.0871153806528899        7.6825368327456067E-002   0.0000000000000000        0.0000000000000000        5.2034601798649901E-003   7.6825368327456067E-002   1.0874294409953789        0.0000000000000000        0.0000000000000000        0.0000000000000000        0.0000000000000000        0.0000000000000000        0.0000000000000000        0.0000000000000000        0.0000000000000000        0.0000000000000000        0.0000000000000000        0.0000000000000000        0.0000000000000000        0.0000000000000000        0.0000000000000000        0.0000000000000000     
 SPE        8748           2        4386
 AVE   1.0000000000000000       -51.996584701891365     
