  0.00010954818719387  0.00650427662432247  0.01115355123338312  0.01579320278122214
  0.02048121612679513  0.02524342943778051  0.03014888389288027  0.03518112097680005
  0.04027573006992773  0.04554930030882948  0.05080578401747742  0.05613866616637891
  0.06150674168831411  0.06692245834451067  0.07229421193742869  0.07775922960338193
  0.08338847875444473  0.08945710839965595  0.09578126235580595  0.10209596409519923
  0.10849920150640754  0.11506068950819680  0.12171911138318288  0.12855762654648289
  0.13561114184177039  0.14266115821860964  0.14982796043052973  0.15747950481672990
  0.16516068144119675  0.17327781593878805  0.18141506852374822  0.19000888426323248
  0.19913169298063385  0.20859320058382350  0.21831796298259515  0.22844237260835096
  0.23897077812619796  0.24989046289444100  0.26139634476901547  0.27348751857701281
  0.28664311728269276  0.30105436915087874  0.31726571850082758  0.33492591090441171
  0.35431750911230719  0.37683377525466732  0.40615883956108773  0.45864548961525237
  0.55014377365306766  0.59749186231757445  0.62596719700109316  0.64860186675957354
  0.66796767723545458  0.68498194513553490  0.70048184126659852  0.71447762821288774
  0.72718817002650582  0.73905135419589141  0.75060841139388557  0.76125030571938734
  0.77162261534807797  0.78190782169585249  0.79173378826753193  0.80070833325761415
  0.80926192419097331  0.81745448301048995  0.82557548997122909  0.83346714121541088
  0.84107464924529762  0.84846437911095451  0.85571439849304798  0.86254448983724918
  0.86927691209972846  0.87589777564307869  0.88254056132511061  0.88916653310193083
  0.89562974933918471  0.90200634768934629  0.90818965616568459  0.91419827699906309
  0.92001824792329456  0.92570267612256851  0.93142981199316299  0.93725579990761565
  0.94313407020930351  0.94887536498894232  0.95462537824228133  0.95995005207676620
  0.96511823761087134  0.97022628845851722  0.97523047728773793  0.98021634851545103
  0.98521204090390702  0.99014885250558948  0.99506769285863528  1.00000000000000000
 -0.00285929092298032  0.01021728059405685  0.02116722526310199  0.03175085328788319
  0.04194322762331050  0.05173916132273543  0.06133915622114505  0.07102636126160838
  0.08096943517177416  0.09131193941057626  0.10196885111177242  0.11290768584337756
  0.12383313971429838  0.13421801493641519  0.14467160761618683  0.15549907947045474
  0.16617634802427680  0.17725380250824638  0.18826609455008314  0.19943991926106219
  0.21028308855452038  0.22093586573723631  0.23181347922674686  0.24244256260660688
  0.25307570942269458  0.26341820641937752  0.27373681409644252  0.28390316865951970
  0.29406402093241590  0.30419680674517280  0.31446297909223025  0.32457575214910050
  0.33507655952375742  0.34590560543439719  0.35676834314209538  0.36750131116159573
  0.37784669927669123  0.38800005285772704  0.39811666545181318  0.40774906354147672
  0.41696899843178675  0.42649041208602761  0.43611196158587978  0.44643838726161050
  0.45703614100014128  0.46789520231086307  0.47864343122525055  0.48970874850830193
  0.50065623262224090  0.51145181717167687  0.52218881696689357  0.53305983197447537
  0.54388909026188759  0.55463400299208221  0.56554773672075442  0.57692792586929120
  0.58764984571499523  0.59793145864781083  0.60789392713594126  0.61790325204486551
  0.62806012879961470  0.63803818549856750  0.64817425096666725  0.65867533945282175
  0.66930282783328254  0.68001660878342829  0.69056845300592251  0.70079010891077032
  0.71118841814604161  0.72164090833507144  0.73234449965098103  0.74292738484765730
  0.75349672979730054  0.76440896388612101  0.77549546555732007  0.78677407743969963
  0.79843170416589904  0.80970150606662794  0.82064472881351003  0.83095545298457096
  0.84173240707106212  0.85254233984716432  0.86322237054500017  0.87362797676325177
  0.88417187655363882  0.89505903605143156  0.90631705795701922  0.91734892825005077
  0.92796939365858799  0.93832643362969181  0.94840861769615581  0.95868286311034401
  0.96874288808528175  0.97880657991802800  0.98918073375634108  1.00000000000000000
 -0.00230482371156906  0.01427354904608306  0.02749549178574223  0.03881857925752182
  0.04899210960600155  0.05832147878900009  0.06719423107854483  0.07544171659993310
  0.08347789795552715  0.09112165279540832  0.09863019192309394  0.10590895596485213
  0.11303777482680266  0.12010959228418523  0.12712006314236901  0.13404378593339136
  0.14083811118483427  0.14756936111121352  0.15425127535533142  0.16082923339737037
  0.16736656127232200  0.17401210791493979  0.18084657812941243  0.18781960830731642
  0.19477849608567352  0.20180560299213351  0.20857213054093018  0.21521069965271436
  0.22183950154727861  0.22843564954540665  0.23482096858055432  0.24113774676949412
  0.24749619222830924  0.25386386906031810  0.26029137323179424  0.26674404851197753
  0.27301442739342657  0.27920286278299827  0.28536265018665974  0.29157856611007432
  0.29794476129294750  0.30442194730192401  0.31086763931155631  0.31729298756518687
  0.32344598857536622  0.32963016489955910  0.33607560511688961  0.34278945972692110
  0.34962025644642736  0.35637434255805123  0.36300258500342331  0.36954436065785312
  0.37602648487015178  0.38263192574013077  0.38941101984998294  0.39633478836435221
  0.40339246556316172  0.41041572810427940  0.41761548065705134  0.42521194259347317
  0.43284155159957699  0.44053342460005102  0.44817872975025136  0.45558745530567246
  0.46328801771663197  0.47124161054179686  0.47934311967918053  0.48753592391413947
  0.49578209541672774  0.50402896665252439  0.51255932632377599  0.52130066217033610
  0.52987928509110405  0.53860532060812283  0.54740249772277405  0.55639617768191663
  0.56555043212913292  0.57531638721129630  0.58549638601021792  0.59684595454206391
  0.60868423476100630  0.62079749961465325  0.63290291738793258  0.64502377292032709
  0.65731792398898037  0.67056349532177428  0.68531188360681350  0.70107684805867210
  0.71849876207458274  0.73773724927463569  0.75866391980187908  0.78218356734158845
  0.80861719683638766  0.84195816232200571  0.89008629618951596  1.00000000000000000
 -0.01889350670435238  0.10700120431552917  0.14112153151549214  0.16330316779294179
  0.18132332995271136  0.19686692449701798  0.21081561875203575  0.22355822431445727
  0.23524800965277018  0.24602269417719327  0.25612475943471463  0.26564599638870140
  0.27461055682076652  0.28307849691390924  0.29114355580685208  0.29895112290203851
  0.30662330756308409  0.31429053286017528  0.32184170326716072  0.32908857724476281
  0.33613766433674253  0.34308751525542114  0.34994457139705237  0.35671162477569079
  0.36336132360816864  0.36997248406204808  0.37648285762266565  0.38276852086690943
  0.38890870087592633  0.39507682476141021  0.40118478273751401  0.40715239873945325
  0.41304092163006456  0.41884841108240378  0.42461316215110556  0.43035847984689285
  0.43603449036802722  0.44162586243227536  0.44726870665880769  0.45301340148761149
  0.45867068651138626  0.46428760392873691  0.46975320738129805  0.47526465968878834
  0.48078252476534994  0.48634869054903002  0.49189901541242798  0.49740720197183486
  0.50321639774074545  0.50914219235575664  0.51510037512405327  0.52092297181397795
  0.52669358548811085  0.53249234163529191  0.53832832606016146  0.54422435941574177
  0.55017403157905931  0.55611405717545936  0.56207724388665969  0.56769495172713857
  0.57309722084363723  0.57857548790743585  0.58411685488783061  0.58994083135415620
  0.59578368260226211  0.60160546025116968  0.60758217475717013  0.61372630012573259
  0.62003363947092149  0.62655191868511306  0.63323725045085699  0.63995200075738667
  0.64662024762800907  0.65327036748617862  0.66003972121135501  0.66699828854398546
  0.67394278686068554  0.68100572984934882  0.68817241056484546  0.69566220371891008
  0.70299948568062876  0.71056119045339272  0.71849741194919614  0.72683357886813904
  0.73553553432451024  0.74450768574791260  0.75403543908832626  0.76440289698866004
  0.77539870115385012  0.78722451606144672  0.80027816648164940  0.81527214698952910
  0.83279111594536359  0.85554691300283869  0.89190718097964605  1.00000000000000000
   3.8028825084898037E-004  -1.0000000000000000     
 F F F F F F F F F F F F F F F F
  <DiscreteSampler_grid>
  grouped_processes
  1 # 1 for a reference and 2 for a running grid.
  10 # Attribute 'min_bin_probing_points' of the grid.
  1 # Attribute 'grid_mode' of the grid. 1=='default',2=='initialization'
  0.0000000000000000 # Attribute 'small_contrib_threshold' of the grid.
  0.5000000000000000 # Attribute 'damping_power' of the grid.
 # binID   n_entries weight   weight_sqr   abs_weight
    10   10   7.805799279832969E+006   1.161045208820319E+014   7.805799279832969E+006
  </DiscreteSampler_grid>
