     
 Soft #          44
 ME*wgt:
   1.0201537312154221        1.1226502388864185E-009   1.1004716294561615E-009
   1.0000257756102713        1.1004999947839968E-009   1.1004716294561615E-009
  0.99998474093564105        1.1004548372887424E-009   1.1004716294561615E-009
  0.99999829761974712        1.1004697560349906E-009   1.1004716294561615E-009
  0.99999982386977615        1.1004714356298471E-009   1.1004716294561615E-009
   1.0000000845325443        1.1004717224818283E-009   1.1004716294561615E-009
   1.0000001923473949        1.1004718411290126E-009   1.1004716294561615E-009
  0.99998210498547202        1.1004519365003647E-009   1.1004716294561615E-009
  0.99998207947318396        1.1004519084248156E-009   1.1004716294561615E-009
   1.0005554386940974        1.1010828739809178E-009   1.1004716294561615E-009
 wgt:
   1.1111111111111109        9.7830087423454394E-006   8.8047078681108960E-006
   1.0101010101010099        8.8936443112231265E-006   8.8047078681108960E-006
   1.0010010010010013        8.8135213895003982E-006   8.8047078681108960E-006
   1.0001000100009998        8.8055884269535890E-006   8.8047078681108960E-006
   1.0000100001000012        8.8047959160700581E-006   8.8047078681108960E-006
   1.0000010000010000        8.8047166728275682E-006   8.8047078681108960E-006
   1.0000001000000098        8.8047087485817699E-006   8.8047078681108960E-006
   1.0000000099999999        8.8047079561579736E-006   8.8047078681108960E-006
   1.0000000009999999        8.8047078769156036E-006   8.8047078681108960E-006
   1.0000000001000000        8.8047078689913664E-006   8.8047078681108960E-006
     
 Soft #          22
 ME*wgt:
   1.0200579520411719        3.0543417378066013E-010   2.9942825617846080E-010
   1.0001562530843491        2.9947504276702995E-010   2.9942825617846080E-010
  0.99999891371843519        2.9942793091506612E-010   2.9942825617846080E-010
  0.99999972693271633        2.9942817441440023E-010   2.9942825617846080E-010
  0.99999992247068570        2.9942823296399342E-010   2.9942825617846080E-010
   1.0000006072912118        2.9942843801860930E-010   2.9942825617846080E-010
  0.99999915741806766        2.9942800388562210E-010   2.9942825617846080E-010
  0.99994756727518685        2.9941255633910332E-010   2.9942825617846080E-010
   1.0002560722048419        2.9950493143221240E-010   2.9942825617846080E-010
  0.99649500162985849        2.9837876062858097E-010   2.9942825617846080E-010
 wgt:
   1.1111111111111112        5.6896806155650714E-006   5.1207125540085639E-006
   1.0101010101010099        5.1724369232409733E-006   5.1207125540085639E-006
   1.0010010010010011        5.1258383924009655E-006   5.1207125540085639E-006
   1.0001000100010000        5.1212246764762107E-006   5.1207125540085639E-006
   1.0000100001000010        5.1207637616461806E-006   5.1207125540085639E-006
   1.0000010000009998        5.1207176747262379E-006   5.1207125540085639E-006
   1.0000001000000098        5.1207130660798698E-006   5.1207125540085639E-006
   1.0000000100000002        5.1207126052156900E-006   5.1207125540085639E-006
   1.0000000009999999        5.1207125591292762E-006   5.1207125540085639E-006
   1.0000000001000000        5.1207125545206351E-006   5.1207125540085639E-006
     
 Soft #          75
 ME*wgt:
   1.0214853289231158        4.8035691975222385E-010   4.7025337139069071E-010
   1.0001688001163083        4.7033275021447585E-010   4.7025337139069071E-010
  0.99999911021007648        4.7025295296397933E-010   4.7025337139069071E-010
  0.99999973475399362        4.7025324665786194E-010   4.7025337139069071E-010
  0.99999996702180438        4.7025335588258306E-010   4.7025337139069071E-010
   1.0000001049228597        4.7025342073101925E-010   4.7025337139069071E-010
   1.0000013752210664        4.7025401809303356E-010   4.7025337139069071E-010
  0.99999671366802345        4.7025182598199922E-010   4.7025337139069071E-010
   1.0001535878292378        4.7032559658519434E-010   4.7025337139069071E-010
  0.99918294778558925        4.6986914983226182E-010   4.7025337139069071E-010
 wgt:
   1.1111111111111112        1.0437463669795482E-005   9.3937173028159331E-006
   1.0101010101010099        9.4886033361777095E-006   9.3937173028159331E-006
   1.0010010010010013        9.4031204232391749E-006   9.3937173028159331E-006
   1.0001000100010000        9.3946567684927808E-006   9.3937173028159331E-006
   1.0000100001000012        9.3938112409283437E-006   9.3937173028159331E-006
   1.0000010000009998        9.3937266965426286E-006   9.3937173028159331E-006
   1.0000001000000101        9.3937182421877570E-006   9.3937173028159331E-006
   1.0000000100000002        9.3937173967531067E-006   9.3937173028159331E-006
   1.0000000010000001        9.3937173122096505E-006   9.3937173028159331E-006
   1.0000000001000000        9.3937173037553045E-006   9.3937173028159331E-006
