     
 Soft #          82
 
 part:           1
 comp:           0
   1.0000317709210726        292.40928981732162        292.39999999999998     
   1.0000030250396641        292.40088452159773        292.39999999999998     
   1.0000003011340828        292.40008805160579        292.39999999999998     
   1.0000000300998451        292.40000880119464        292.39999999999998     
   1.0000000030098490        292.40000088007986        292.39999999999998     
   1.0000000003009835        292.40000008800757        292.39999999999998     
   1.0000000000300981        292.40000000880070        292.39999999999998     
   1.0000000000030098        292.40000000088003        292.39999999999998     
   1.0000000000003009        292.40000000008797        292.39999999999998     
   1.0000000000000302        292.40000000000879        292.39999999999998     
 comp:           1
   0.0000000000000000        0.0000000000000000     
   0.0000000000000000        0.0000000000000000     
   0.0000000000000000        0.0000000000000000     
   0.0000000000000000        0.0000000000000000     
   0.0000000000000000        0.0000000000000000     
   0.0000000000000000        0.0000000000000000     
   0.0000000000000000        0.0000000000000000     
   0.0000000000000000        0.0000000000000000     
   0.0000000000000000        0.0000000000000000     
   0.0000000000000000        0.0000000000000000     
 comp:           2
   0.0000000000000000        0.0000000000000000     
   0.0000000000000000        0.0000000000000000     
   0.0000000000000000        0.0000000000000000     
   0.0000000000000000        0.0000000000000000     
   0.0000000000000000        0.0000000000000000     
   0.0000000000000000        0.0000000000000000     
   0.0000000000000000        0.0000000000000000     
   0.0000000000000000        0.0000000000000000     
   0.0000000000000000        0.0000000000000000     
   0.0000000000000000        0.0000000000000000     
 comp:           3
   1.0000317709210726        292.40928981732162        292.39999999999998     
   1.0000030250396641        292.40088452159773        292.39999999999998     
   1.0000003011340828        292.40008805160579        292.39999999999998     
   1.0000000300998451        292.40000880119464        292.39999999999998     
   1.0000000030098490        292.40000088007986        292.39999999999998     
   1.0000000003009835        292.40000008800757        292.39999999999998     
   1.0000000000300981        292.40000000880070        292.39999999999998     
   1.0000000000030098        292.40000000088003        292.39999999999998     
   1.0000000000003009        292.40000000008797        292.39999999999998     
   1.0000000000000302        292.40000000000879        292.39999999999998     
 
 part:           2
 comp:           0
   1.1110758112092074        324.87856719757224        292.39999999999998     
   1.0100979545146338        295.35264190007888        292.39999999999998     
   1.0010006995655731        292.69260455297359        292.39999999999998     
   1.0000999798981456        292.42923412221774        292.39999999999998     
   1.0000099970901219        292.40292314915166        292.39999999999998     
   1.0000009997000161        292.40029231228471        292.39999999999998     
   1.0000000999699117        292.40002923120215        292.39999999999998     
   1.0000000099969903        292.40000292311993        292.39999999999998     
   1.0000000009996990        292.40000029231197        292.39999999999998     
   1.0000000000999698        292.40000002923114        292.39999999999998     
 comp:           1
   0.0000000000000000        0.0000000000000000     
   0.0000000000000000        0.0000000000000000     
   0.0000000000000000        0.0000000000000000     
   0.0000000000000000        0.0000000000000000     
   0.0000000000000000        0.0000000000000000     
   0.0000000000000000        0.0000000000000000     
   0.0000000000000000        0.0000000000000000     
   0.0000000000000000        0.0000000000000000     
   0.0000000000000000        0.0000000000000000     
   0.0000000000000000        0.0000000000000000     
 comp:           2
   0.0000000000000000        0.0000000000000000     
   0.0000000000000000        0.0000000000000000     
   0.0000000000000000        0.0000000000000000     
   0.0000000000000000        0.0000000000000000     
   0.0000000000000000        0.0000000000000000     
   0.0000000000000000        0.0000000000000000     
   0.0000000000000000        0.0000000000000000     
   0.0000000000000000        0.0000000000000000     
   0.0000000000000000        0.0000000000000000     
   0.0000000000000000        0.0000000000000000     
 comp:           3
   1.1110758112092074       -324.87856719757224       -292.39999999999998     
   1.0100979545146338       -295.35264190007888       -292.39999999999998     
   1.0010006995655731       -292.69260455297359       -292.39999999999998     
   1.0000999798981456       -292.42923412221774       -292.39999999999998     
   1.0000099970901219       -292.40292314915166       -292.39999999999998     
   1.0000009997000161       -292.40029231228471       -292.39999999999998     
   1.0000000999699117       -292.40002923120215       -292.39999999999998     
   1.0000000099969903       -292.40000292311993       -292.39999999999998     
   1.0000000009996990       -292.40000029231197       -292.39999999999998     
   1.0000000000999698       -292.40000002923114       -292.39999999999998     
 
 part:           3
 comp:           0
  0.99908708993619799        292.13306509734429        292.39999999999998     
  0.99991281325407000        292.37450659549006        292.39999999999998     
  0.99999131932536733        292.39746177073738        292.39999999999998     
  0.99999913230974569        292.39974628736962        292.39999999999998     
  0.99999991323474391        292.39997462983911        292.39999999999998     
  0.99999999132351214        292.39999746299492        292.39999999999998     
  0.99999999913235149        292.39999974629956        292.39999999999998     
  0.99999999991323540        292.39999997463002        292.39999999999998     
  0.99999999999132361        292.39999999746300        292.39999999999998     
  0.99999999999913236        292.39999999974629        292.39999999999998     
 comp:           1
  0.99734198588618672       -191.99420206412211       -192.50588542457274     
  0.99974646340808215       -192.45707813845806       -192.50588542457274     
  0.99997475981391715       -192.50102654020259       -192.50588542457274     
  0.99999747710771358       -192.50539975295931       -192.50588542457274     
  0.99999974772202627       -192.50583685957804       -192.50588542457274     
  0.99999997477231517       -192.50588056809494       -192.50588542457274     
  0.99999999747723256       -192.50588493892516       -192.50588542457274     
  0.99999999974772347       -192.50588537600802       -192.50588542457274     
  0.99999999997477229       -192.50588541971626       -192.50588542457274     
  0.99999999999747724       -192.50588542408710       -192.50588542457274     
 comp:           2
   1.0011679347677840        132.13154965045049        131.97740864633042     
   1.0001114042995738        131.99211149710021        131.97740864633042     
   1.0000110905697295        131.97887235098372        131.97740864633042     
   1.0000011085620657        131.97755495147916        131.97740864633042     
   1.0000001108512611        131.97742327619261        131.97740864633042     
   1.0000000110850766        131.97741010931011        131.97740864633042     
   1.0000000011085073        131.97740879262832        131.97740864633042     
   1.0000000001108507        131.97740866096021        131.97740864633042     
   1.0000000000110851        131.97740864779340        131.97740864633042     
   1.0000000000011084        131.97740864647670        131.97740864633042     
 comp:           3
   1.0000000000000000       -37.910522073703412       -37.910522073703412     
   1.0000000000000000       -37.910522073703412       -37.910522073703412     
   1.0000000000000000       -37.910522073703412       -37.910522073703412     
   1.0000000000000000       -37.910522073703412       -37.910522073703412     
   1.0000000000000000       -37.910522073703412       -37.910522073703412     
   1.0000000000000000       -37.910522073703412       -37.910522073703412     
   1.0000000000000000       -37.910522073703412       -37.910522073703412     
   1.0000000000000000       -37.910522073703412       -37.910522073703412     
   1.0000000000000000       -37.910522073703412       -37.910522073703412     
   1.0000000000000000       -37.910522073703412       -37.910522073703412     
 
 part:           4
 comp:           0
   1.0009162533143885        292.66791246912720        292.39999999999998     
   1.0000872171391422        292.42550229148515        292.39999999999998     
   1.0000086809758266        292.40253831733168        292.39999999999998     
   1.0000008676932632        292.40025371351015        292.39999999999998     
   1.0000000867652863        292.40002537016971        292.39999999999998     
   1.0000000086764882        292.40000253700515        292.39999999999998     
   1.0000000008676484        292.40000025370040        292.39999999999998     
   1.0000000000867650        292.40000002537005        292.39999999999998     
   1.0000000000086764        292.40000000253696        292.39999999999998     
   1.0000000000008675        292.40000000025367        292.39999999999998     
 comp:           1
   1.0026604461949871        193.01803697496314        192.50588542457274     
   1.0002535587017651        192.55469696696312        192.50588542457274     
   1.0000252404051893        192.51074435112216        192.50588542457274     
   1.0000025228944756        192.50637109660758        192.50588542457274     
   1.0000002522779956        192.50593398957167        192.50588542457274     
   1.0000000252276851        192.50589028105060        192.50588542457274     
   1.0000000025227673        192.50588591022031        192.50588542457274     
   1.0000000002522769        192.50588547313751        192.50588542457274     
   1.0000000000252276        192.50588542942921        192.50588542457274     
   1.0000000000025226        192.50588542505838        192.50588542457274     
 comp:           2
  0.99883099657266816       -131.82312660329248       -131.97740864633042     
  0.99988858598533159       -131.96270451338759       -131.97740864633042     
  0.99998890933399487       -131.97594492897090       -131.97740864633042     
  0.99999889143697240       -131.97726234105471       -131.97740864633042     
  0.99999988914872917       -131.97739401646695       -131.97740864633042     
  0.99999998891492325       -131.97740718335072       -131.97740864633042     
  0.99999999889149283       -131.97740850003251       -131.97740864633042     
  0.99999999988914923       -131.97740863170063       -131.97740864633042     
  0.99999999998891498       -131.97740864486744       -131.97740864633042     
  0.99999999999889155       -131.97740864618413       -131.97740864633042     
 comp:           3
   1.0000000000000000        37.910522073703412        37.910522073703412     
   1.0000000000000000        37.910522073703412        37.910522073703412     
   1.0000000000000000        37.910522073703412        37.910522073703412     
   1.0000000000000000        37.910522073703412        37.910522073703412     
   1.0000000000000000        37.910522073703412        37.910522073703412     
   1.0000000000000000        37.910522073703412        37.910522073703412     
   1.0000000000000000        37.910522073703412        37.910522073703412     
   1.0000000000000000        37.910522073703412        37.910522073703412     
   1.0000000000000000        37.910522073703412        37.910522073703412     
   1.0000000000000000        37.910522073703412        37.910522073703412     
 
 part:           5
 comp:           0
   32.486879448422428        0.0000000000000000     
   2.9535175347012106        0.0000000000000000     
  0.29269251651036388        0.0000000000000000     
   2.9242922532588138E-002   0.0000000000000000     
   2.9240292226959722E-003   0.0000000000000000     
   2.9240029222433013E-004   0.0000000000000000     
   2.9240002922240674E-005   0.0000000000000000     
   2.9240000292224040E-006   0.0000000000000000     
   2.9240000029222414E-007   0.0000000000000000     
   2.9240000002922250E-008   0.0000000000000000     
 comp:           1
  -1.0238349108410358       -0.0000000000000000     
  -9.7618828505052407E-002  -0.0000000000000000     
  -9.7178109195531579E-003  -0.0000000000000000     
  -9.7134364827258140E-004  -0.0000000000000000     
  -9.7129993638775072E-005  -0.0000000000000000     
  -9.7129556552383184E-006  -0.0000000000000000     
  -9.7129512844068523E-007  -0.0000000000000000     
  -9.7129508473240298E-008  -0.0000000000000000     
  -9.7129508036157519E-009  -0.0000000000000000     
  -9.7129507992449242E-010  -0.0000000000000000     
 comp:           2
 -0.30842304715801794       -0.0000000000000000     
  -2.9406983712629918E-002  -0.0000000000000000     
  -2.9274220128438274E-003  -0.0000000000000000     
  -2.9261042445966187E-004  -0.0000000000000000     
  -2.9259725656259788E-005  -0.0000000000000000     
  -2.9259593987066414E-006  -0.0000000000000000     
  -2.9259580820244834E-007  -0.0000000000000000     
  -2.9259579503563655E-008  -0.0000000000000000     
  -2.9259579371895550E-009  -0.0000000000000000     
  -2.9259579358728743E-010  -0.0000000000000000     
 comp:           3
  -32.469277380250652       -0.0000000000000000     
  -2.9517573784811213       -0.0000000000000000     
 -0.29251650136780349       -0.0000000000000000     
  -2.9225321023102713E-002  -0.0000000000000000     
  -2.9222690717951114E-003  -0.0000000000000000     
  -2.9222427713472082E-004  -0.0000000000000000     
  -2.9222401413284522E-005  -0.0000000000000000     
  -2.9222398783268359E-006  -0.0000000000000000     
  -2.9222398520266778E-007  -0.0000000000000000     
  -2.9222398493966619E-008  -0.0000000000000000     
 
 part: i_fks reduced
 comp:           0
   1.1110423887969367        324.86879448422428        292.39999999999998     
   1.0100949161084853        295.35175347012108        292.39999999999998     
   1.0010003984622569        292.69251651036387        292.39999999999998     
   1.0000999498149159        292.42922532588136        292.39999999999998     
   1.0000099940820697        292.40292226959718        292.39999999999998     
   1.0000009993992138        292.40029222433009        292.39999999999998     
   1.0000000999398313        292.40002922240666        292.39999999999998     
   1.0000000099939821        292.40000292224033        292.39999999999998     
   1.0000000009993983        292.40000029222404        292.39999999999998     
   1.0000000000999398        292.40000002922238        292.39999999999998     
 comp:           1
   1.0540925533894601       -10.238349108410358       -9.7129507987592731     
   1.0050378152592123       -9.7618828505052413       -9.7129507987592731     
   1.0005003753127737       -9.7178109195531572       -9.7129507987592731     
   1.0000500037503126       -9.7134364827258128       -9.7129507987592731     
   1.0000050000375003       -9.7129993638775058       -9.7129507987592731     
   1.0000005000003751       -9.7129556552383161       -9.7129507987592731     
   1.0000000500000039       -9.7129512844068504       -9.7129507987592731     
   1.0000000050000000       -9.7129508473240271       -9.7129507987592731     
   1.0000000005000000       -9.7129508036157493       -9.7129507987592731     
   1.0000000000500002       -9.7129507992449220       -9.7129507987592731     
 comp:           2
   1.0540925533894601       -3.0842304715801792       -2.9259579357265753     
   1.0050378152592123       -2.9406983712629917       -2.9259579357265753     
   1.0005003753127737       -2.9274220128438273       -2.9259579357265753     
   1.0000500037503126       -2.9261042445966186       -2.9259579357265753     
   1.0000050000375003       -2.9259725656259783       -2.9259579357265753     
   1.0000005000003751       -2.9259593987066408       -2.9259579357265753     
   1.0000000500000037       -2.9259580820244828       -2.9259579357265753     
   1.0000000050000000       -2.9259579503563651       -2.9259579357265753     
   1.0000000005000003       -2.9259579371895548       -2.9259579357265753     
   1.0000000000500000       -2.9259579358728733       -2.9259579357265753     
 comp:           3
   1.1111092537527791       -324.69277380250645       -292.22398491044368     
   1.0101009947509034       -295.17573784811213       -292.22398491044368     
   1.0010010008502535       -292.51650136780347       -292.22398491044368     
   1.0001000099994952       -292.25321023102708       -292.22398491044368     
   1.0000100000999861       -292.22690717951110       -292.22398491044368     
   1.0000010000009998       -292.22427713472075       -292.22398491044368     
   1.0000001000000101       -292.22401413284513       -292.22398491044368     
   1.0000000100000002       -292.22398783268358       -292.22398491044368     
   1.0000000010000003       -292.22398520266773       -292.22398491044368     
   1.0000000001000002       -292.22398493966614       -292.22398491044368     
 
 part: i_fks full/reduced
 comp:           0
  0.10000000000000001        32.486879448422428        324.86879448422428     
   9.9999999999999985E-003   2.9535175347012106        295.35175347012108     
   1.0000000000000000E-003  0.29269251651036388        292.69251651036387     
   1.0000000000000000E-004   2.9242922532588138E-002   292.42922532588136     
   1.0000000000000001E-005   2.9240292226959722E-003   292.40292226959718     
   1.0000000000000002E-006   2.9240029222433013E-004   292.40029222433009     
   1.0000000000000002E-007   2.9240002922240674E-005   292.40002922240666     
   1.0000000000000002E-008   2.9240000292224040E-006   292.40000292224033     
   1.0000000000000003E-009   2.9240000029222414E-007   292.40000029222404     
   1.0000000000000004E-010   2.9240000002922250E-008   292.40000002922238     
 comp:           1
  0.10000000000000001       -1.0238349108410358       -10.238349108410358     
   1.0000000000000000E-002  -9.7618828505052407E-002  -9.7618828505052413     
   1.0000000000000000E-003  -9.7178109195531579E-003  -9.7178109195531572     
   1.0000000000000000E-004  -9.7134364827258140E-004  -9.7134364827258128     
   1.0000000000000001E-005  -9.7129993638775072E-005  -9.7129993638775058     
   1.0000000000000002E-006  -9.7129556552383184E-006  -9.7129556552383161     
   1.0000000000000002E-007  -9.7129512844068523E-007  -9.7129512844068504     
   1.0000000000000004E-008  -9.7129508473240298E-008  -9.7129508473240271     
   1.0000000000000003E-009  -9.7129508036157519E-009  -9.7129508036157493     
   1.0000000000000002E-010  -9.7129507992449242E-010  -9.7129507992449220     
 comp:           2
  0.10000000000000001      -0.30842304715801794       -3.0842304715801792     
   1.0000000000000000E-002  -2.9406983712629918E-002  -2.9406983712629917     
   1.0000000000000000E-003  -2.9274220128438274E-003  -2.9274220128438273     
   1.0000000000000000E-004  -2.9261042445966187E-004  -2.9261042445966186     
   1.0000000000000003E-005  -2.9259725656259788E-005  -2.9259725656259783     
   1.0000000000000002E-006  -2.9259593987066414E-006  -2.9259593987066408     
   1.0000000000000002E-007  -2.9259580820244834E-007  -2.9259580820244828     
   1.0000000000000002E-008  -2.9259579503563655E-008  -2.9259579503563651     
   1.0000000000000001E-009  -2.9259579371895550E-009  -2.9259579371895548     
   1.0000000000000003E-010  -2.9259579358728743E-010  -2.9259579358728733     
 comp:           3
  0.10000000000000002       -32.469277380250652       -324.69277380250645     
   1.0000000000000000E-002  -2.9517573784811213       -295.17573784811213     
   1.0000000000000000E-003 -0.29251650136780349       -292.51650136780347     
   1.0000000000000002E-004  -2.9225321023102713E-002  -292.25321023102708     
   1.0000000000000001E-005  -2.9222690717951114E-003  -292.22690717951110     
   1.0000000000000002E-006  -2.9222427713472082E-004  -292.22427713472075     
   1.0000000000000004E-007  -2.9222401413284522E-005  -292.22401413284513     
   1.0000000000000000E-008  -2.9222398783268359E-006  -292.22398783268358     
   1.0000000000000001E-009  -2.9222398520266778E-007  -292.22398520266773     
   1.0000000000000002E-010  -2.9222398493966619E-008  -292.22398493966614     
