 AVE   0.0000000000000000        0.0000000000000000        0.0000000000000000        0.0000000000000000        0.0000000000000000        0.0000000000000000        0.0000000000000000     
 AVE   3.2993086967709591E-002   2.7218994641853459E-002   3.5686037031645190E-002  0.19367663136232707       0.13683979211926733       0.14234911189661340        3.2256793638895109E-002
 AVE   6.5944206358208635E-002   5.4900343093664428E-002   6.3617580932899029E-002  0.25302260649365249       0.22410011200824245       0.22511445449756251        6.2293787454936987E-002
 AVE   9.8567745283610217E-002   8.3295839709429831E-002   8.7999140329457992E-002  0.28774625538532184       0.28494468244372462       0.28677338941214681        9.2977616134066965E-002
 AVE  0.13113639375702055       0.11119554945936645       0.11132485133663772       0.31567314408516339       0.33679962085466053       0.33911166828196648       0.12324169027591307     
 AVE  0.16232312886657257       0.14010964671122356       0.13361530905944508       0.33826501067329995       0.38144065995833176       0.38319196652536730       0.15481163013320959     
 AVE  0.19341297046687275       0.16896690371080500       0.15514538552796486       0.35464829324068320       0.42046523690255033       0.42162822196649230       0.18621230001511369     
 AVE  0.22574044616228375       0.19875734862475303       0.17509220998705702       0.37186882873563476       0.45602240239996295       0.45614395805844860       0.21807930018858285     
 AVE  0.25601762778092652       0.23033547404232849       0.19571030821167712       0.38767909366372300       0.48833752603771868       0.48819217396848025       0.25007312319232994     
 AVE  0.28607037610913666       0.26179954411373402       0.21480476531773704       0.40268415691697396       0.51816674662605511       0.51954505666611905       0.28318462371346131     
 AVE  0.31780388503705781       0.29308041439697680       0.23611315397835980       0.41657073051161364       0.54775879469707678       0.55071997487504987       0.31645858884073208     
 AVE  0.34690291866508105       0.32446195654559884       0.25462013482751644       0.43013341410939149       0.57737162494717664       0.58015889810097887       0.35037213928171690     
 AVE  0.37559654097112444       0.35662363233129302       0.27375552834195666       0.44331261197581423       0.60362487843433676       0.60839735331616440       0.38343198137581425     
 AVE  0.40264735958156223       0.38827687447481157       0.29252409338962726       0.45608631607473993       0.62857773143617524       0.63473536785979734       0.41405675464080349     
 AVE  0.43185154026164069       0.41912000173878422       0.31126300613563579       0.46922300234083320       0.65194914066881116       0.66034639541657936       0.44719064192191726     
 AVE  0.46312117622638399       0.45062568873985170       0.33155369248655742       0.48261515992446663       0.67565337596137875       0.68508056216169566       0.47754677274064483     
 AVE  0.49381194125651212       0.48241121833796141       0.35166329530017765       0.49603992386509954       0.69951553666596900       0.70822793962042574       0.51112726191374747     
 AVE  0.52676168304815896       0.51418723799768307       0.37098696460481662       0.50943389985526399       0.72232910867377298       0.73030006193209052       0.54353126284678799     
 AVE  0.56060103265524319       0.54716107240580980       0.39020833636104696       0.52284867534843482       0.74503146681942989       0.75243584981647305       0.57805197678590403     
 AVE  0.59441542485455046       0.58052159962643668       0.40926071944658110       0.53628217382279897       0.76563273206218929       0.77285703719361676       0.61132530240426119     
 AVE  0.62829361989069099       0.61494587680258617       0.42938594450869799       0.55003481263116150       0.78630336282211222       0.79261498887741244       0.64163352773296645     
 AVE  0.65989574428632514       0.64810010571163124       0.45289250353900162       0.56417726166046012       0.80576806067598250       0.81167670057144292       0.67198732435142650     
 AVE  0.69058374868249828       0.67975328695281201       0.47922437086744724       0.57795304906785760       0.82467644826591013       0.83016525641290639       0.70314442088331042     
 AVE  0.72103688767986052       0.71123759558506472       0.50521231288187252       0.59154472476590825       0.84516792783025452       0.84845176585709570       0.73520291713257635     
 AVE  0.75305879059686209       0.74279738926579242       0.53098080709203865       0.60541598963753485       0.86417725386045308       0.86653425175556709       0.76783026880997796     
 AVE  0.78202483317686333       0.77447565347895297       0.55828732402000580       0.62158110264911903       0.88232122705508631       0.88492187646255327       0.79972034407797465     
 AVE  0.81059836770281324       0.80720796328879729       0.58715741311506953       0.63918650770184759       0.89968451366289670       0.90257551681642290       0.83186178200147809     
 AVE  0.83937449297322142       0.83816466863679906       0.61682421309799307       0.65995635238907369       0.91621303509171237       0.91919134816477333       0.86116811659170989     
 AVE  0.87037315371736412       0.87044672505697618       0.65486812197132294       0.68328944763562138       0.93183393807851267       0.93552118076295987       0.88940815313728039     
 AVE  0.90167063093924105       0.90298443420366103       0.69835547545500209       0.70969487113386376       0.94767681946679050       0.95113610773640933       0.91522166763255242     
 AVE  0.93462229929465390       0.93473532358425337       0.75397250252982750       0.74192237767194003       0.96411238342409233       0.96727229391622160       0.94216469430522354     
 AVE  0.96765101268342457       0.96724258036870236       0.83744818107919328       0.80306975423455051       0.98173488790335650       0.98399570141338244       0.96966757246416879     
 AVE   1.0000000000000000        1.0000000000000000        1.0000000000000000        1.0000000000000000        1.0000000000000000        1.0000000000000000        1.0000000000000000     
 AVE  0.21833107066129451       0.25517123404524311       0.36270923355936746       0.26156050622250071     
 AVE   0.0000000000000000        0.0000000000000000        0.0000000000000000        0.0000000000000000     
 AVE  0.21832927386259701       0.25516936676731394       0.36270729410557012       0.26155859969910489     
 AVE   0.0000000000000000        0.0000000000000000        0.0000000000000000        0.0000000000000000     
 AVE  0.24594655752075625       0.25041635048636263       0.27437859677910387       0.25200840565479199     
 AVE   0.0000000000000000        0.0000000000000000        0.0000000000000000        0.0000000000000000     
 AVE  0.24594479348542972       0.25041455892409054       0.27437672035368754       0.25200668806921744     
 AVE   0.0000000000000000        0.0000000000000000        0.0000000000000000        0.0000000000000000     
 AVE  0.26197761739806741       0.25415972235653611       0.24416577882601095       0.24939855917498027     
 AVE   0.0000000000000000        0.0000000000000000        0.0000000000000000        0.0000000000000000     
 AVE  0.26197580438476903       0.25415792664199249       0.24416395853203796       0.24939676210063325     
 AVE   0.0000000000000000        0.0000000000000000        0.0000000000000000        0.0000000000000000     
 AVE  0.27415643735920531       0.24786454218026588       0.22614356792264104       0.25000734357959714     
 AVE   0.0000000000000000        0.0000000000000000        0.0000000000000000        0.0000000000000000     
 AVE  0.27415458677924776       0.24786276050469122       0.22614181656035343       0.25000553348212540     
 AVE   0.0000000000000000        0.0000000000000000        0.0000000000000000        0.0000000000000000     
 AVE  0.26997707195872300       0.25024817146081291       0.21548695446952285       0.25155588114499089     
 AVE   0.0000000000000000        0.0000000000000000        0.0000000000000000        0.0000000000000000     
 AVE  0.26997527527172221       0.25024637706891573       0.21548521449896466       0.25155405138768216     
 AVE   0.0000000000000000        0.0000000000000000        0.0000000000000000        0.0000000000000000     
 AVE  0.26512152834903341       0.25122289718935592       0.21143494525463211       0.25001409517550743     
 AVE   0.0000000000000000        0.0000000000000000        0.0000000000000000        0.0000000000000000     
 AVE  0.26511971324052097       0.25122108882061900       0.21143318834399030       0.25001229255119478     
 AVE   0.0000000000000000        0.0000000000000000        0.0000000000000000        0.0000000000000000     
 AVE  0.24121417187553271       0.24718767946724804       0.21688595571698993       0.24934680944194570     
 AVE   0.0000000000000000        0.0000000000000000        0.0000000000000000        0.0000000000000000     
 AVE  0.24121238766959119       0.24718589047176406       0.21688428151325312       0.24934510050952513     
 AVE   0.0000000000000000        0.0000000000000000        0.0000000000000000        0.0000000000000000     
 AVE  0.22239025708156662       0.24779874269789962       0.25875192845521860       0.25310736646484189     
 AVE   0.0000000000000000        0.0000000000000000        0.0000000000000000        0.0000000000000000     
 AVE  0.22238846201493548       0.24779694898468974       0.25875019553275630       0.25310561486521888     
 AVE   0.0000000000000000        0.0000000000000000        0.0000000000000000        0.0000000000000000     
 SUM   1.0262889339978691E-005   1.0262889339969509E-005  -2.4868751555367753E-002   1.5517872158466030E-002  0.73454314179123148        22.780215950101837        0.0000000000000000        0.0000000000000000       -2.4879027348243422E-002   22.780215950101837        1.0262889339969509E-005   0.0000000000000000        0.0000000000000000        0.0000000000000000        0.0000000000000000        0.0000000000000000        0.0000000000000000        0.0000000000000000        0.0000000000000000        0.0000000000000000        0.0000000000000000        0.0000000000000000        0.0000000000000000        0.0000000000000000        0.0000000000000000        0.0000000000000000     
 QSM   2.6580375586302146E-007   2.6580375586302887E-007   1.8905055977144446E-002   3.5045507900297490E-004   1.8633191228959546E-002  0.44523805809604267        0.0000000000000000        0.0000000000000000        1.8905071159901966E-002  0.44523805809604267        2.6580375586302887E-007   0.0000000000000000        0.0000000000000000        0.0000000000000000        0.0000000000000000        0.0000000000000000        0.0000000000000000        0.0000000000000000        0.0000000000000000        0.0000000000000000        0.0000000000000000        0.0000000000000000        0.0000000000000000        0.0000000000000000        0.0000000000000000        0.0000000000000000     
 SPE       26244           2        1555
 AVE   1.0000000000000000       0.27061594306970210     
 AVE   0.0000000000000000        0.0000000000000000        0.0000000000000000        0.0000000000000000        0.0000000000000000        0.0000000000000000        0.0000000000000000     
 AVE   3.3720696215408963E-002   3.2042061106334938E-002   3.7552565868009570E-002  0.19923724279763683       0.13969644582708723       0.13810424379932723        3.4249359708089393E-002
 AVE   6.6506762014140269E-002   6.4005048298954773E-002   6.6938132028925429E-002  0.25023489507319591       0.22400536494601325       0.21887773179766604        6.7720578965411310E-002
 AVE   9.7512013081618304E-002   9.4461284524325340E-002   9.1286616699700229E-002  0.28521337703386829       0.28470310253738879       0.28038870771290381        9.9198924604321004E-002
 AVE  0.12893148971072219       0.12423991357075836       0.11404706887453336       0.31427453039994369       0.33516116518560912       0.33378092037264245       0.13081660087193503     
 AVE  0.15943023351899999       0.15637096491240440       0.13551248136259794       0.33780160197077586       0.37990439406345977       0.37677777744297397       0.16370932258834064     
 AVE  0.18963943509686093       0.18833069410972358       0.15670285186234673       0.35828652916548420       0.42094736270052063       0.41575378840961535       0.19574589991781222     
 AVE  0.22147720319505099       0.21874542010240206       0.17745088094480505       0.37679097715474597       0.45917654844914901       0.45292857849767532       0.22787561951653984     
 AVE  0.25341843321405239       0.24949582078829025       0.19787060871726656       0.39331145656133482       0.49372810131972472       0.48676298805360618       0.25999750422487833     
 AVE  0.28339883727799092       0.28233122259717425       0.21779704454235338       0.40823860518253302       0.52446886383232538       0.51800850749283989       0.29324511511364265     
 AVE  0.31397404364264386       0.31473785318712311       0.23758216069821617       0.42192682254087716       0.55242133103441626       0.54695064173213370       0.32629318558062387     
 AVE  0.34337227204597492       0.34671190505924537       0.25691643780246698       0.43517858532894532       0.57761978132086200       0.57398368686864065       0.35985931233954077     
 AVE  0.37427017808771473       0.37867031898406961       0.27722584456940114       0.44868906041683698       0.60258916901574922       0.60048948457381790       0.39447833148838052     
 AVE  0.40637637057770198       0.40977229777324714       0.29627452413432376       0.46245231565425188       0.62719674328902586       0.62599576518152145       0.42860572351009951     
 AVE  0.43840167489720561       0.44220792760897309       0.31513385895571833       0.47578315435559354       0.65318987910725179       0.65036034769951745       0.46226019913203298     
 AVE  0.46971095887844022       0.47424688887314104       0.33413600455184278       0.48842841136743603       0.67796512779245865       0.67365407096886321       0.49517887732902927     
 AVE  0.50050553533442765       0.50476962527991731       0.35462126018767937       0.50140557607952108       0.70128954855915993       0.69637575916332994       0.52696964551493330     
 AVE  0.53138261590431379       0.53550482881760797       0.37447688948864610       0.51432300939410358       0.72281173192546888       0.71942630379231620       0.55793589403789579     
 AVE  0.56246780835746835       0.56756356293374555       0.39508743852083122       0.52755751955297558       0.74378057636979555       0.74258751834704373       0.58721468161452017     
 AVE  0.59414018909792365       0.59900661621488682       0.41593504889389254       0.54178346472841199       0.76413442007687171       0.76390841178857527       0.61836003299592035     
 AVE  0.62610387770767506       0.63133222609566808       0.43758077254470013       0.55492099503106462       0.78528749890606397       0.78389358587169888       0.65015159201941786     
 AVE  0.65849195237858749       0.66244532779490950       0.45972074487190018       0.56928388682452535       0.80616864075177941       0.80387753725848943       0.68049254250279012     
 AVE  0.69015681675754470       0.69229463504766731       0.48138313571410479       0.58387250544733271       0.82634936444138740       0.82351163609219735       0.70855941877709960     
 AVE  0.72138200856287926       0.72243152436921576       0.50274282957430771       0.59847857188492215       0.84520049296040378       0.84116912203512562       0.73570407941486049     
 AVE  0.75379573944193401       0.75324767615525967       0.52494567300023476       0.61411750086375438       0.86262531688577659       0.85945257409287268       0.76304510064780828     
 AVE  0.78477458467768879       0.78119640211626495       0.54946552936189319       0.62959327938739218       0.87951131067543342       0.87891679724916416       0.79228362698955923     
 AVE  0.81511054457451271       0.80828960305620290       0.57705605698773488       0.64802862013608586       0.89632633234947090       0.89814746931139822       0.82159475158066519     
 AVE  0.84554955973340273       0.83975256053526637       0.60727012683464499       0.66533287204940017       0.91288474829758592       0.91666509564574972       0.84919784726072589     
 AVE  0.87556226939196435       0.87211614936514414       0.64604461628767185       0.68976007314490451       0.93006054468593291       0.93532218161686909       0.87853241099546431     
 AVE  0.90578335939496712       0.90234888221987497       0.69249363313500045       0.71742508684432826       0.94696595902781611       0.95167568965317129       0.90880763468796755     
 AVE  0.93615375841403348       0.93509561565126553       0.74801987592937780       0.75383797812170728       0.96484608124395910       0.96861635105293720       0.93880715575302265     
 AVE  0.96834980912046531       0.96681173748082405       0.83242105621705309       0.81388091937437812       0.98269545910505596       0.98429748303642306       0.96917062589177605     
 AVE   1.0000000000000000        1.0000000000000000        1.0000000000000000        1.0000000000000000        1.0000000000000000        1.0000000000000000        1.0000000000000000     
 AVE  0.22104377920799798       0.24718851466397776       0.37264195822554985       0.26590991991566459     
 AVE   0.0000000000000000        0.0000000000000000        0.0000000000000000        0.0000000000000000     
 AVE  0.22104202429863698       0.24718676457300856       0.37264004873279299       0.26590818472168642     
 AVE   0.0000000000000000        0.0000000000000000        0.0000000000000000        0.0000000000000000     
 AVE  0.24182347057945397       0.24707244301071460       0.27389689856893107       0.25704590650074782     
 AVE   0.0000000000000000        0.0000000000000000        0.0000000000000000        0.0000000000000000     
 AVE  0.24182174306049684       0.24707068977238622       0.27389505644758771       0.25704421091121782     
 AVE   0.0000000000000000        0.0000000000000000        0.0000000000000000        0.0000000000000000     
 AVE  0.25870324468243350       0.25026131198665197       0.24358922868702923       0.24810188094170826     
 AVE   0.0000000000000000        0.0000000000000000        0.0000000000000000        0.0000000000000000     
 AVE  0.25870150029637845       0.25025959202995746       0.24358744384153277       0.24810017046487673     
 AVE   0.0000000000000000        0.0000000000000000        0.0000000000000000        0.0000000000000000     
 AVE  0.27170079038749584       0.24722959570149611       0.22598678809085107       0.25087477525359397     
 AVE   0.0000000000000000        0.0000000000000000        0.0000000000000000        0.0000000000000000     
 AVE  0.27169902434735066       0.24722783924984690       0.22598508676017359       0.25087300243297644     
 AVE   0.0000000000000000        0.0000000000000000        0.0000000000000000        0.0000000000000000     
 AVE  0.27085649811374507       0.25014846061935786       0.21256952563580145       0.24848884344640212     
 AVE   0.0000000000000000        0.0000000000000000        0.0000000000000000        0.0000000000000000     
 AVE  0.27085471427378821       0.25014670064803529       0.21256783471671373       0.24848707060672870     
 AVE   0.0000000000000000        0.0000000000000000        0.0000000000000000        0.0000000000000000     
 AVE  0.26550310387013715       0.24877196593544171       0.20962234142237421       0.24521913607869819     
 AVE   0.0000000000000000        0.0000000000000000        0.0000000000000000        0.0000000000000000     
 AVE  0.26550133287717331       0.24877023056519010       0.20962073284947480       0.24521738238565174     
 AVE   0.0000000000000000        0.0000000000000000        0.0000000000000000        0.0000000000000000     
 AVE  0.24947279023246915       0.25329683572435102       0.22044890563839745       0.25062702725927338     
 AVE   0.0000000000000000        0.0000000000000000        0.0000000000000000        0.0000000000000000     
 AVE  0.24947103848729768       0.25329502391049402       0.22044726370468559       0.25062527008121788     
 AVE   0.0000000000000000        0.0000000000000000        0.0000000000000000        0.0000000000000000     
 AVE  0.21484212775772613       0.24827761480049751       0.24064882750526526       0.23873932978992798     
 AVE   0.0000000000000000        0.0000000000000000        0.0000000000000000        0.0000000000000000     
 AVE  0.21484040026335371       0.24827587966420103       0.24064707184951781       0.23873753607317644     
 AVE   0.0000000000000000        0.0000000000000000        0.0000000000000000        0.0000000000000000     
 SUM   1.0180028111095087E-005   1.0180028111095089E-005  -6.0208959087800731E-002   1.5087332690307344E-002  0.72279491039187505        22.277099437812584        0.0000000000000000        0.0000000000000000       -6.0219125403252284E-002   22.277099437812584        1.0180028111095089E-005   0.0000000000000000        0.0000000000000000        0.0000000000000000        0.0000000000000000        0.0000000000000000        0.0000000000000000        0.0000000000000000        0.0000000000000000        0.0000000000000000        0.0000000000000000        0.0000000000000000        0.0000000000000000        0.0000000000000000        0.0000000000000000        0.0000000000000000     
 QSM   2.4839184481353241E-007   2.4839184481353241E-007   1.8460474265549691E-002   2.8904887766227866E-004   1.8191349673543675E-002  0.42798189579040230        0.0000000000000000        0.0000000000000000        1.8460488535476549E-002  0.42798189579040230        2.4839184481353241E-007   0.0000000000000000        0.0000000000000000        0.0000000000000000        0.0000000000000000        0.0000000000000000        0.0000000000000000        0.0000000000000000        0.0000000000000000        0.0000000000000000        0.0000000000000000        0.0000000000000000        0.0000000000000000        0.0000000000000000        0.0000000000000000        0.0000000000000000     
 SPE       26244           2        1489
 AVE   1.0000000000000000       0.27190193510968680     
 AVE   0.0000000000000000        0.0000000000000000        0.0000000000000000        0.0000000000000000        0.0000000000000000        0.0000000000000000        0.0000000000000000     
 AVE   6.9937336784280128E-003   3.0938256826902714E-002   5.7337388688234042E-002  0.18772444114605974       0.14281804147266419       0.14402475614111501        2.9323564111044340E-002
 AVE   1.4210339380378882E-002   6.0680328182533473E-002  0.10191723900579504       0.25811218072935738       0.23096482788231421       0.23311847437236025        5.9800483157212952E-002
 AVE   2.2237492078800110E-002   9.0548738593858577E-002  0.13640856328253426       0.29101850800753992       0.28880464670271183       0.29126612019954418        9.2553137045702560E-002
 AVE   3.0763890650545633E-002  0.12064200180155665       0.16880344546451118       0.31707346893724220       0.33991859982074596       0.34112283682634248       0.12314932959715254     
 AVE   3.9976751838371932E-002  0.15053550871711505       0.19740880970109342       0.33777301977526741       0.38163873320026259       0.38418539676517416       0.15444711307641665     
 AVE   4.9855449527298895E-002  0.18072387141639581       0.22483706628279990       0.35676184628049179       0.42140597343681896       0.42371386661093058       0.18506700530859119     
 AVE   6.0272279192621361E-002  0.21170624192945742       0.25088981373835528       0.37410408314168736       0.45750383173135556       0.45883717673424423       0.21620599844995617     
 AVE   7.1053664667802940E-002  0.24274916668469798       0.27662196155356961       0.39048912665670449       0.49190310028462653       0.49089023924830116       0.24763050281646420     
 AVE   8.2358168239596449E-002  0.27403939879471884       0.30115719332310414       0.40528756416544459       0.52038391780517324       0.52082317659701138       0.27878285257013374     
 AVE   9.4424393994244793E-002  0.30454213670485747       0.32445133955744521       0.41985070227590016       0.54879523493474569       0.55000826784990875       0.31016489930939001     
 AVE  0.10765459976649917       0.33384854318888196       0.34728266056236817       0.43373572406060090       0.57580425391111634       0.57807630733171433       0.34173818477267254     
 AVE  0.12194491683693592       0.36382789362280243       0.37014878166735959       0.44755540223675183       0.60225062954845032       0.60492740472572659       0.37305294988628751     
 AVE  0.13734845108849639       0.39513965861521272       0.39242583981419044       0.46073502057903826       0.62660321898566373       0.63039719769967495       0.40485217098628318     
 AVE  0.15429456741427572       0.42656797876022606       0.41462409732375599       0.47367734632365494       0.65020063288046870       0.65547321307170003       0.43719655845181132     
 AVE  0.17263178660183698       0.45841325276092720       0.43615275882584192       0.48665436210228186       0.67223568869618100       0.67977889907785605       0.46813770676775218     
 AVE  0.19288933704066091       0.49056747652414828       0.45803715007012485       0.50001495342781610       0.69439559286031716       0.70293094944911672       0.49835202536370998     
 AVE  0.21496766788531091       0.52342527604825184       0.47972903463256628       0.51315733536877384       0.71670286263358751       0.72445397048442450       0.52708401639331548     
 AVE  0.23902008104254041       0.55672320472679393       0.50114617671815753       0.52635309858819923       0.73866022568420986       0.74543018035766440       0.55568557687320919     
 AVE  0.26578610982763545       0.58708171788915775       0.52271614621965379       0.53990953353373672       0.75878089352546763       0.76594776468790982       0.58573739942678227     
 AVE  0.29508221928993333       0.61791747955616583       0.54449457717057359       0.55304861120263527       0.77907633361623352       0.78643599727502400       0.61565830092591545     
 AVE  0.32664888919690138       0.64998416060278819       0.56796311702669267       0.56680321746362883       0.79845538611548916       0.80637592829043547       0.64762142529290256     
 AVE  0.36027541437336258       0.68137716371856827       0.59165858558432305       0.58091837629313059       0.81733275257093929       0.82606000723729744       0.67967221636004005     
 AVE  0.39803699295617312       0.71209064393976251       0.61741957580610018       0.59564625352543399       0.83647295416061851       0.84514148486426821       0.71064521740391406     
 AVE  0.44199720532672737       0.74466734360499431       0.64162276470770174       0.61043641577201901       0.85547358715684141       0.86380238231122275       0.74231447329857636     
 AVE  0.49002249819106258       0.77564253235438452       0.66597102199674751       0.62666374826321392       0.87281516896502942       0.88138996011288828       0.77476947977575072     
 AVE  0.54340550314382841       0.80665977218506280       0.68996104575845552       0.64388600913050642       0.89013681499227582       0.89929390401251319       0.80654373765061471     
 AVE  0.59988849074675854       0.83899949863713486       0.71815414394400356       0.66339069239620152       0.90684550101106121       0.91785294862281952       0.83865557759537768     
 AVE  0.65968444841709650       0.87165183592794271       0.74777270295402742       0.68453102795123699       0.92413223667936462       0.93628699886993783       0.87093123876755163     
 AVE  0.72585819508539162       0.90327319462303524       0.78400883644268038       0.71082101182296975       0.94141842491264494       0.95273557965097444       0.90340528012721111     
 AVE  0.79980090526127978       0.93455403705009665       0.82610842342460800       0.74201227310417561       0.95984026857595761       0.96887355152967791       0.93540351669050614     
 AVE  0.89324631577344882       0.96696594421689308       0.88985117542788528       0.81171814197348824       0.97951473209725015       0.98431912419123813       0.96815319178148684     
 AVE   1.0000000000000000        1.0000000000000000        1.0000000000000000        1.0000000000000000        1.0000000000000000        1.0000000000000000        1.0000000000000000     
 AVE  0.18813064037174154       0.22612850235441440       0.36390075198901944       0.23106777259425815     
 AVE   0.0000000000000000        0.0000000000000000        0.0000000000000000        0.0000000000000000     
 AVE  0.18812879077667843       0.22612660794233530       0.36389867651818297       0.23106597350328320     
 AVE   0.0000000000000000        0.0000000000000000        0.0000000000000000        0.0000000000000000     
 AVE  0.22759792459742514       0.22174930884285193       0.26980225836136312       0.22407032728940152     
 AVE   0.0000000000000000        0.0000000000000000        0.0000000000000000        0.0000000000000000     
 AVE  0.22759604656298732       0.22174742730299513       0.26980028918830035       0.22406848465746007     
 AVE   0.0000000000000000        0.0000000000000000        0.0000000000000000        0.0000000000000000     
 AVE  0.25577277756562605       0.22379249103450069       0.23790731747902244       0.22486752575145916     
 AVE   0.0000000000000000        0.0000000000000000        0.0000000000000000        0.0000000000000000     
 AVE  0.25577086811648764       0.22379059706596313       0.23790540015166359       0.22486563664106984     
 AVE   0.0000000000000000        0.0000000000000000        0.0000000000000000        0.0000000000000000     
 AVE  0.27257323784765985       0.22258171949002722       0.21389674041131113       0.22293296457515133     
 AVE   0.0000000000000000        0.0000000000000000        0.0000000000000000        0.0000000000000000     
 AVE  0.27257132016230540       0.22257984343802259       0.21389485875418277       0.22293107479776658     
 AVE   0.0000000000000000        0.0000000000000000        0.0000000000000000        0.0000000000000000     
 AVE  0.26928217634619045       0.22171658287499435       0.20001945749571792       0.22196731486557544     
 AVE   0.0000000000000000        0.0000000000000000        0.0000000000000000        0.0000000000000000     
 AVE  0.26928026956539741       0.22171469482982542       0.20001762963946315       0.22196543533708352     
 AVE   0.0000000000000000        0.0000000000000000        0.0000000000000000        0.0000000000000000     
 AVE  0.26546703463984578       0.22091270364021504       0.18881489315884359       0.22319569900188768     
 AVE   0.0000000000000000        0.0000000000000000        0.0000000000000000        0.0000000000000000     
 AVE  0.26546507439475964       0.22091082326151273       0.18881305294902703       0.22319380992707910     
 AVE   0.0000000000000000        0.0000000000000000        0.0000000000000000        0.0000000000000000     
 AVE  0.24403683005949633       0.22304185332639176       0.18794041168441741       0.22280127103768044     
 AVE   0.0000000000000000        0.0000000000000000        0.0000000000000000        0.0000000000000000     
 AVE  0.24403492073929381       0.22303996342876140       0.18793859689987891       0.22279941081672008     
 AVE   0.0000000000000000        0.0000000000000000        0.0000000000000000        0.0000000000000000     
 AVE  0.22379092119099470       0.22493046149180124       0.19091026896939792       0.24244940655982880     
 AVE   0.0000000000000000        0.0000000000000000        0.0000000000000000        0.0000000000000000     
 AVE  0.22378899368278232       0.22492860860488292       0.19090850123037376       0.24244758093952939     
 AVE   0.0000000000000000        0.0000000000000000        0.0000000000000000        0.0000000000000000     
 SUM   3.9303035180242115E-005   3.9303035180241227E-005  -1.8719497284847890E-002   5.3531819545712962E-002   3.0427606463591710        91.833860190525257        0.0000000000000000        0.0000000000000000       -1.8758819937806467E-002   91.833860190525257        3.9303035180241227E-005   0.0000000000000000        0.0000000000000000        0.0000000000000000        0.0000000000000000        0.0000000000000000        0.0000000000000000        0.0000000000000000        0.0000000000000000        0.0000000000000000        0.0000000000000000        0.0000000000000000        0.0000000000000000        0.0000000000000000        0.0000000000000000        0.0000000000000000     
 QSM   5.1382163649348837E-007   5.1382163649348985E-007   4.6385850122732976E-002   4.8213365859423133E-004   4.4444353920178314E-002  0.89595895860743857        0.0000000000000000        0.0000000000000000        4.6385903611357263E-002  0.89595895860743857        5.1382163649348985E-007   0.0000000000000000        0.0000000000000000        0.0000000000000000        0.0000000000000000        0.0000000000000000        0.0000000000000000        0.0000000000000000        0.0000000000000000        0.0000000000000000        0.0000000000000000        0.0000000000000000        0.0000000000000000        0.0000000000000000        0.0000000000000000        0.0000000000000000     
 SPE       26244           2        5785
 AVE   1.0000000000000000       0.21701304501216576     
 AVE   0.0000000000000000        0.0000000000000000        0.0000000000000000        0.0000000000000000        0.0000000000000000        0.0000000000000000        0.0000000000000000     
 AVE   6.7215267809029719E-003   3.2038206762767543E-002   5.6668010426948787E-002  0.18913158287482609       0.14362636334207041       0.14666138117968808        3.0707817549995832E-002
 AVE   1.3508054507177049E-002   6.4062779316490986E-002  0.10271551298174479       0.25985608173054325       0.23290249868130747       0.23555157812355795        6.2174016114824864E-002
 AVE   2.1206388208710365E-002   9.5255059193138800E-002  0.13615049266317925       0.29093686035285582       0.28987023498712627       0.29179841735040496        9.2484699887565192E-002
 AVE   2.9421368581159534E-002  0.12706117533495537       0.16905721531999171       0.31716885778489601       0.33765077980102598       0.34019187947628871       0.12239408852434180     
 AVE   3.8199001340693872E-002  0.15845493697015980       0.19637756990755229       0.33812498881145137       0.37843605417676607       0.37953663536980226       0.15303907409218562     
 AVE   4.7772675014586347E-002  0.19034472954306358       0.22368123065052456       0.35767258824832249       0.41661104128973248       0.41925509596427651       0.18337411235648710     
 AVE   5.8118003292149861E-002  0.22131299013991740       0.24946107325159669       0.37470883161154278       0.45219552949182573       0.45676754990382928       0.21454611226011269     
 AVE   6.9317153110587032E-002  0.25225885811150267       0.27465929902872804       0.39156085139216651       0.48507123382138295       0.49034383512538882       0.24595603336219507     
 AVE   8.0961912679538242E-002  0.28369653013397822       0.29810946236573155       0.40630448356190740       0.51589084528677565       0.52179228095744756       0.27764377830372905     
 AVE   9.3177948333123428E-002  0.31422319440298635       0.32145709587017030       0.42101801444599496       0.54468622073319206       0.55168826302085039       0.30929432653680228     
 AVE  0.10611293414277689       0.34530122243621225       0.34490850596459349       0.43482619934543604       0.57226910069598258       0.58016224298940722       0.34095961543893205     
 AVE  0.12021827199685972       0.37740883660165514       0.36850210760199409       0.44868122412269612       0.59835908968294571       0.60729793042478475       0.37268376589803759     
 AVE  0.13580782760694898       0.40779737343531625       0.39023271677479510       0.46180876056309095       0.62408188541821574       0.63291130775183546       0.40382320200995253     
 AVE  0.15251371301232655       0.43792241805981563       0.41245601493993839       0.47459827951001426       0.64852209211200373       0.65736264571436387       0.43487999808131117     
 AVE  0.17022254770614972       0.46972632968550110       0.43502802088310066       0.48698897634250188       0.67249881658020028       0.68093308021952392       0.46736956475926178     
 AVE  0.18907993384492139       0.50118891594040593       0.45695368900742844       0.49989163560580202       0.69630306726994529       0.70352821238207475       0.49957595486323614     
 AVE  0.20984264041090697       0.53410840131700288       0.47800543711039134       0.51265107184709124       0.71959802172141429       0.72545662355867524       0.52946492214995611     
 AVE  0.23320448294508958       0.56623339381009252       0.49923943372218565       0.52555089013132084       0.74207802553226865       0.74657461077827492       0.55987904810451905     
 AVE  0.25910238955531883       0.59918536680031853       0.52089546033124812       0.53871539675733215       0.76323850494388812       0.76695047598552435       0.59073678119662287     
 AVE  0.28845769655095965       0.63135264199264696       0.54290059860098161       0.55207121290327166       0.78356900638944316       0.78683647829927428       0.62109351876030106     
 AVE  0.32068373518510540       0.66395911923941464       0.56528622338976631       0.56582898612974908       0.80321082189881610       0.80647738059231111       0.65170661537204000     
 AVE  0.35711889271572217       0.69713425725614575       0.58738795408773492       0.57990739478548348       0.82256293787832269       0.82542714411836160       0.68386848891542085     
 AVE  0.39703829664684070       0.72749782785902106       0.61184986242253780       0.59444714154705214       0.84163468347982262       0.84380186440129357       0.71560273372621508     
 AVE  0.44159956137633594       0.75862450959568495       0.63536723455749422       0.60941614369236530       0.86011176589180893       0.86193431129177178       0.74671181416277177     
 AVE  0.49111056301436251       0.78723922609986996       0.66126033116575433       0.62593009719384662       0.87799297314599556       0.88008650969527158       0.77848221736894452     
 AVE  0.54527084135428239       0.81709048485059643       0.68703310893507918       0.64334722870103744       0.89572249157051953       0.89789252053344848       0.81022507819834644     
 AVE  0.60324959265078260       0.84788506385680407       0.71590271553982265       0.66273289160307824       0.91395803134859743       0.91538823153488091       0.84250928832963101     
 AVE  0.66387223706083431       0.87853358604822707       0.74593509185992268       0.68325371013302993       0.93250722649717699       0.93238067655004597       0.87430549040616290     
 AVE  0.73140070532593249       0.90929728151285760       0.78297218600788909       0.70965980022384123       0.94980986420044511       0.94936016395432044       0.90531938800797718     
 AVE  0.80649391060135656       0.93882405424053683       0.82158968758413442       0.74146002541114020       0.96708913476790059       0.96657322603245743       0.93573264410473145     
 AVE  0.89680412628254713       0.97012039902876079       0.88834330965439245       0.81056088277523153       0.98338121414123036       0.98309771262423584       0.96831748016140640     
 AVE   1.0000000000000000        1.0000000000000000        1.0000000000000000        1.0000000000000000        1.0000000000000000        1.0000000000000000        1.0000000000000000     
 AVE  0.18816362754624202       0.22362540161000835       0.36752610814170272       0.24081358512915185     
 AVE   0.0000000000000000        0.0000000000000000        0.0000000000000000        0.0000000000000000     
 AVE  0.18816177416313024       0.22362353524543579       0.36752405462498822       0.24081173627379598     
 AVE   0.0000000000000000        0.0000000000000000        0.0000000000000000        0.0000000000000000     
 AVE  0.22908119936130600       0.22209978907362268       0.26952207518266896       0.21809126431359538     
 AVE   0.0000000000000000        0.0000000000000000        0.0000000000000000        0.0000000000000000     
 AVE  0.22907933622814733       0.22209792158218891       0.26952010886749467       0.21808943467207381     
 AVE   0.0000000000000000        0.0000000000000000        0.0000000000000000        0.0000000000000000     
 AVE  0.25353439624320706       0.22202566392731940       0.23691042066525103       0.22563044233506721     
 AVE   0.0000000000000000        0.0000000000000000        0.0000000000000000        0.0000000000000000     
 AVE  0.25353252244818003       0.22202379613386833       0.23690852307514476       0.22562857090944799     
 AVE   0.0000000000000000        0.0000000000000000        0.0000000000000000        0.0000000000000000     
 AVE  0.26872749144570446       0.22243547141096559       0.21541510073369943       0.22323051366181587     
 AVE   0.0000000000000000        0.0000000000000000        0.0000000000000000        0.0000000000000000     
 AVE  0.26872558704739913       0.22243360607141968       0.21541325400654715       0.22322863731962017     
 AVE   0.0000000000000000        0.0000000000000000        0.0000000000000000        0.0000000000000000     
 AVE  0.27120911314269308       0.22631819572957695       0.20013933026372424       0.22173644929706093     
 AVE   0.0000000000000000        0.0000000000000000        0.0000000000000000        0.0000000000000000     
 AVE  0.27120720399365317       0.22631633660842485       0.20013748434295470       0.22173459026222539     
 AVE   0.0000000000000000        0.0000000000000000        0.0000000000000000        0.0000000000000000     
 AVE  0.26317373467104271       0.22315156521435572       0.19013389654348545       0.22502353097990374     
 AVE   0.0000000000000000        0.0000000000000000        0.0000000000000000        0.0000000000000000     
 AVE  0.26317185270502230       0.22314966929981403       0.19013208303881027       0.22502163395964056     
 AVE   0.0000000000000000        0.0000000000000000        0.0000000000000000        0.0000000000000000     
 AVE  0.25314172540546320       0.22385777111864621       0.18632639175866733       0.22579789223067898     
 AVE   0.0000000000000000        0.0000000000000000        0.0000000000000000        0.0000000000000000     
 AVE  0.25313986253459486       0.22385591503407695       0.18632457848825501       0.22579606640433861     
 AVE   0.0000000000000000        0.0000000000000000        0.0000000000000000        0.0000000000000000     
 AVE  0.23124363233439882       0.22441925811392835       0.19066751970119650       0.22969093415374420     
 AVE   0.0000000000000000        0.0000000000000000        0.0000000000000000        0.0000000000000000     
 AVE  0.23124171047971440       0.22441738601197711       0.19066578657971484       0.22968908448050074     
 AVE   0.0000000000000000        0.0000000000000000        0.0000000000000000        0.0000000000000000     
 SUM   3.9063698441331357E-005   3.9063698441331350E-005  -7.8420946403065673E-003   5.1988220214488005E-002   3.0407957967258485        91.083872420256355        0.0000000000000000        0.0000000000000000       -7.8812101735608649E-003   91.083872420256355        3.9063698441331350E-005   0.0000000000000000        0.0000000000000000        0.0000000000000000        0.0000000000000000        0.0000000000000000        0.0000000000000000        0.0000000000000000        0.0000000000000000        0.0000000000000000        0.0000000000000000        0.0000000000000000        0.0000000000000000        0.0000000000000000        0.0000000000000000        0.0000000000000000     
 QSM   5.3481063751355130E-007   5.3481063751355130E-007   4.8422537856009806E-002   4.6646266692001456E-004   4.6570055535227639E-002  0.90050733048942344        0.0000000000000000        0.0000000000000000        4.8422597237374444E-002  0.90050733048942344        5.3481063751355130E-007   0.0000000000000000        0.0000000000000000        0.0000000000000000        0.0000000000000000        0.0000000000000000        0.0000000000000000        0.0000000000000000        0.0000000000000000        0.0000000000000000        0.0000000000000000        0.0000000000000000        0.0000000000000000        0.0000000000000000        0.0000000000000000        0.0000000000000000     
 SPE       26244           2        5796
 AVE   1.0000000000000000       0.21908478721573379     
 AVE   0.0000000000000000        0.0000000000000000        0.0000000000000000        0.0000000000000000        0.0000000000000000        0.0000000000000000        0.0000000000000000     
 AVE   6.8256489907821336E-003   3.0362253537881648E-002   5.8423364385546704E-002  0.18823168473834911       0.14314451325739308       0.14909061051559705        3.0937450596048806E-002
 AVE   1.4057353725300235E-002   6.1546192898481421E-002  0.10430019130430078       0.25845944157851553       0.23340071850728464       0.23909348806757499        6.2252119933967988E-002
 AVE   2.2081634282730606E-002   9.3799678112945067E-002  0.13778248344737590       0.29070571554411551       0.28798908024665931       0.29685590216289914        9.5452409767494223E-002
 AVE   3.0288031017693395E-002  0.12689619092771845       0.16943467724564973       0.31728633204855899       0.33724961047643387       0.34912666885158816       0.12734324581843848     
 AVE   3.9197455664281816E-002  0.15918868524677218       0.19629959605684075       0.33800271129882614       0.37691232433153399       0.38895578970001921       0.15770368547048522     
 AVE   4.8653623275997537E-002  0.19150905616267086       0.22361284347869523       0.35759239515363672       0.41657501430025690       0.42864317334770519       0.18767646728812676     
 AVE   5.8956322957084605E-002  0.22403257007174995       0.25012981087851893       0.37476155072195172       0.45186825017473398       0.46382295400261020       0.21896392361792544     
 AVE   6.9920175421024772E-002  0.25735256017688168       0.27574726854456194       0.39128237224060841       0.48523308629160339       0.49861845178432851       0.24917854774276890     
 AVE   8.1789490825381922E-002  0.28864591167666420       0.29923362636357137       0.40506359731313929       0.51563119964288096       0.52651429480494716       0.27957445470382930     
 AVE   9.4653516545536137E-002  0.31893312488584935       0.32217924083719190       0.41943577652597724       0.54565740277257824       0.55537953202927060       0.31126682754104046     
 AVE  0.10839356183721803       0.34847483291424064       0.34446599366300951       0.43270225519843220       0.57462766327194115       0.58292447141610593       0.34334733044018007     
 AVE  0.12318699596821617       0.37780093792125136       0.36639669293226790       0.44618536332095388       0.60192913837192041       0.61016218860601812       0.37574765236658825     
 AVE  0.13871143725781288       0.40866074627415772       0.38831591750829264       0.45995442472952158       0.62717598817908948       0.63499654960973539       0.40671716299517707     
 AVE  0.15579138004500964       0.43899995134748926       0.41015311525050591       0.47309710000686905       0.65167726912029078       0.65931698195588606       0.43748195977547810     
 AVE  0.17418471609708083       0.46908194517585527       0.43247919004637719       0.48603531811186718       0.67556974919773949       0.68285577570931810       0.47042339719151383     
 AVE  0.19315358281541350       0.49935797749798394       0.45425768339503864       0.49846006642773699       0.70010015645433632       0.70558691602061119       0.50240134890363675     
 AVE  0.21453452299973164       0.53037927687282360       0.47688416691742658       0.51113079543151974       0.72135935499483805       0.72633689374508092       0.53519428002583491     
 AVE  0.23845759642826564       0.56157119470349703       0.49908508629645099       0.52406415042423271       0.74290103668764051       0.74783633089185486       0.56706082335230823     
 AVE  0.26559132426986254       0.59399451166240536       0.52147609751695911       0.53750889723309070       0.76298231633658709       0.76863140455809265       0.59840464997017251     
 AVE  0.29440955911671279       0.62712865086553282       0.54387294643149486       0.55112913352973503       0.78375835008628991       0.78912817395468304       0.62993094568394403     
 AVE  0.32541732322806044       0.65881944312883522       0.56685191565946702       0.56494436918713797       0.80232582340229619       0.80857446256013932       0.66011447552189839     
 AVE  0.35878516541391803       0.69046557737313274       0.59004724988617352       0.57886776972866150       0.82101153097694746       0.82756800185892743       0.69146467010507939     
 AVE  0.39623363018595975       0.72318488243437185       0.61201638490832666       0.59379067018386011       0.83939400960173371       0.84645213807048136       0.72196198551812074     
 AVE  0.43687961840986200       0.75507858139832384       0.63391145427747786       0.60824792566695218       0.85774985712645846       0.86526478718874689       0.75193863366034341     
 AVE  0.48382713382025566       0.78438985376927461       0.65975985267963799       0.62499906270420935       0.87468275801644346       0.88420978763229396       0.78186192511157970     
 AVE  0.53632321356100210       0.81409751133869113       0.68324479949595518       0.64266803188882471       0.89137902280604542       0.90202334657899585       0.81270782578719758     
 AVE  0.59280968684750468       0.84532312800347875       0.71163440586173732       0.66234770595876058       0.90763483037211989       0.91929911533744924       0.84239273573187412     
 AVE  0.65330822792282550       0.87563127649165529       0.74074394576753888       0.68311774517196511       0.92362195173261630       0.93642186121264848       0.87326494468326510     
 AVE  0.72286875379334503       0.90675235879662308       0.77715421377678451       0.70934379617389998       0.94099443175797004       0.95258707390934150       0.90408218783591887     
 AVE  0.80048416410050549       0.93789053151631074       0.81863708200342156       0.74146088887930395       0.95910203612405986       0.96847596307316408       0.93562792569087927     
 AVE  0.89466702455548108       0.96943335389002716       0.88326794467996139       0.81165337373412960       0.97912729369070473       0.98453661836869277       0.96689177185214892     
 AVE   1.0000000000000000        1.0000000000000000        1.0000000000000000        1.0000000000000000        1.0000000000000000        1.0000000000000000        1.0000000000000000     
 AVE  0.18846651417106602       0.22167447618866826       0.36281274702936311       0.23004777923228598     
 AVE   0.0000000000000000        0.0000000000000000        0.0000000000000000        0.0000000000000000     
 AVE  0.18846462706251857       0.22167253499796805       0.36281065424273351       0.23004594446841359     
 AVE   0.0000000000000000        0.0000000000000000        0.0000000000000000        0.0000000000000000     
 AVE  0.22861770582366372       0.22479861057864425       0.27184846347208436       0.22520774400325444     
 AVE   0.0000000000000000        0.0000000000000000        0.0000000000000000        0.0000000000000000     
 AVE  0.22861577524257573       0.22479671625555350       0.27184644375626921       0.22520585937415263     
 AVE   0.0000000000000000        0.0000000000000000        0.0000000000000000        0.0000000000000000     
 AVE  0.25497462325330422       0.22568811649142784       0.23497458067914209       0.22356329163827016     
 AVE   0.0000000000000000        0.0000000000000000        0.0000000000000000        0.0000000000000000     
 AVE  0.25497265762969579       0.22568619656787425       0.23497261357266250       0.22356136204188307     
 AVE   0.0000000000000000        0.0000000000000000        0.0000000000000000        0.0000000000000000     
 AVE  0.26874893320866633       0.22081959225586029       0.21523230288664325       0.22092615967176171     
 AVE   0.0000000000000000        0.0000000000000000        0.0000000000000000        0.0000000000000000     
 AVE  0.26874692241632780       0.22081764039772420       0.21523038357761315       0.22092422303284875     
 AVE   0.0000000000000000        0.0000000000000000        0.0000000000000000        0.0000000000000000     
 AVE  0.27012914737326987       0.22329146486647661       0.20060809192435622       0.22404000584806474     
 AVE   0.0000000000000000        0.0000000000000000        0.0000000000000000        0.0000000000000000     
 AVE  0.27012720127981404       0.22328954330588344       0.20060619244597250       0.22403808119687546     
 AVE   0.0000000000000000        0.0000000000000000        0.0000000000000000        0.0000000000000000     
 AVE  0.26282230216102226       0.22231189822335556       0.18844288146682528       0.22471335077241639     
 AVE   0.0000000000000000        0.0000000000000000        0.0000000000000000        0.0000000000000000     
 AVE  0.26282035827531580       0.22230999631405668       0.18844100907380967       0.22471142080544201     
 AVE   0.0000000000000000        0.0000000000000000        0.0000000000000000        0.0000000000000000     
 AVE  0.23931521467551803       0.22382374805941246       0.18809986220914318       0.22358211168991324     
 AVE   0.0000000000000000        0.0000000000000000        0.0000000000000000        0.0000000000000000     
 AVE  0.23931329274544291       0.22382181754151917       0.18809802828220587       0.22358021286202051     
 AVE   0.0000000000000000        0.0000000000000000        0.0000000000000000        0.0000000000000000     
 AVE  0.22731591290410336       0.22374698252370143       0.19280921253474584       0.23239777646585263     
 AVE   0.0000000000000000        0.0000000000000000        0.0000000000000000        0.0000000000000000     
 AVE  0.22731395706762791       0.22374503859145908       0.19280740185868983       0.23239590405917518     
 AVE   0.0000000000000000        0.0000000000000000        0.0000000000000000        0.0000000000000000     
 SUM   3.9228364939915951E-005   3.9228364939915972E-005  -5.1098397477300547E-003   5.2329783492993449E-002   2.9639010100397547        90.802184613337374        0.0000000000000000        0.0000000000000000       -5.1490223963055340E-003   90.802184613337374        3.9228364939915972E-005   0.0000000000000000        0.0000000000000000        0.0000000000000000        0.0000000000000000        0.0000000000000000        0.0000000000000000        0.0000000000000000        0.0000000000000000        0.0000000000000000        0.0000000000000000        0.0000000000000000        0.0000000000000000        0.0000000000000000        0.0000000000000000        0.0000000000000000     
 QSM   4.9594861076244859E-007   4.9594861076244859E-007   4.6064906055561260E-002   4.7527339486733221E-004   4.4211478220483408E-002  0.89690468916887844        0.0000000000000000        0.0000000000000000        4.6064952877770286E-002  0.89690468916887844        4.9594861076244859E-007   0.0000000000000000        0.0000000000000000        0.0000000000000000        0.0000000000000000        0.0000000000000000        0.0000000000000000        0.0000000000000000        0.0000000000000000        0.0000000000000000        0.0000000000000000        0.0000000000000000        0.0000000000000000        0.0000000000000000        0.0000000000000000        0.0000000000000000     
 SPE       26244           2        5719
 AVE   1.0000000000000000       0.22653333109964757     
 AVE   0.0000000000000000        0.0000000000000000        0.0000000000000000        0.0000000000000000        0.0000000000000000        0.0000000000000000        0.0000000000000000     
 AVE   6.6091388014672707E-003   3.0231956333882325E-002   5.7650939758796239E-002  0.19081479704073168       0.14716434230819803       0.14723165181746298        3.2111593011664032E-002
 AVE   1.3472946802815747E-002   6.0377377534117024E-002  0.10339791808397623       0.26139736008404779       0.23881647059156055       0.23534839893990392        6.3603163568644400E-002
 AVE   2.1243626226267555E-002   9.0077006870855431E-002  0.13750167591901430       0.29234548383850356       0.29516974998424933       0.29168827149308479        9.6473391613070905E-002
 AVE   2.9534142248192244E-002  0.11983761435717791       0.16990395784290935       0.31848401629845668       0.34617710432246585       0.34160446713058285       0.12940052529261800     
 AVE   3.8610011236097842E-002  0.15148682354951803       0.19709216709382230       0.33587814925854792       0.38770159370246399       0.38409624747380261       0.16093286390760700     
 AVE   4.8150426004895941E-002  0.18425948731023353       0.22367595088595077       0.35519402944798628       0.42750172416341353       0.42276836611853713       0.19155541249301422     
 AVE   5.8486882782855548E-002  0.21671359885902208       0.24916679479376602       0.37241158775989358       0.46208599176934489       0.45835288011452541       0.22408252186649086     
 AVE   6.9374102144644512E-002  0.24860856982214066       0.27470412123231280       0.38999072894341813       0.49465782915480377       0.49166126106664543       0.25710838241172490     
 AVE   8.1149713733504519E-002  0.27888074885758268       0.29829811143254398       0.40436080120741574       0.52228570203762470       0.52377035306772202       0.28814907789259658     
 AVE   9.3687678687241788E-002  0.30901848340050853       0.32281677202438586       0.41891240733686186       0.55012580890908702       0.55367998406805030       0.31955417278427650     
 AVE  0.10711683281827700       0.33971090201620391       0.34515451259966001       0.43258111360880952       0.57644499974671959       0.58122969473185926       0.35077139330315177     
 AVE  0.12169860422778640       0.36920952209157515       0.36800104015973162       0.44609809198657469       0.60301411821699202       0.60752345738154778       0.38181038696557873     
 AVE  0.13717340047043378       0.39998263753055496       0.39008809459309512       0.45940519517897427       0.62849499592311786       0.63223826627697854       0.41373848493316390     
 AVE  0.15375675723590759       0.43043906681371691       0.41206593178870937       0.47248210875710916       0.65363489591959045       0.65628762478649527       0.44446912662746696     
 AVE  0.17192184182909764       0.46295440114419539       0.43401151555785100       0.48566315261206311       0.67764135916046497       0.67923569089764180       0.47465489010545053     
 AVE  0.19218736050120583       0.49388613743024246       0.45567783817558472       0.49876425217147602       0.70085052635713185       0.70122378241708738       0.50427516757208801     
 AVE  0.21455289010892586       0.52367883258064407       0.47679423644890456       0.51213626227814457       0.72309233204875123       0.72238574604370276       0.53482037669491245     
 AVE  0.23899659475424240       0.55469792700545772       0.49834305414401209       0.52489114038916429       0.74412973358724432       0.74352763846154590       0.56630205859035698     
 AVE  0.26628360006837370       0.58750648719107257       0.52079295789681113       0.53823673672066652       0.76518583686931174       0.76457229335171895       0.59744015538291684     
 AVE  0.29623471341629370       0.62025533486794937       0.54299260221522050       0.55132970039602069       0.78529750367956519       0.78504017027469619       0.62811253403165068     
 AVE  0.32884281914736119       0.65313523840617049       0.56563874669196446       0.56497485811471204       0.80497837289671725       0.80483443869063664       0.65984298243794204     
 AVE  0.36380503991177482       0.68495580040855919       0.58807548572060087       0.57875524469822026       0.82446012119294554       0.82392783481288634       0.69069405824124097     
 AVE  0.40121811114192624       0.71532502192697967       0.61192647982027348       0.59330552029182337       0.84317903244071735       0.84286356171926247       0.72062237788009265     
 AVE  0.44337241291503204       0.74636222583299738       0.63583293103847516       0.60835615149820366       0.86226702901512176       0.86153648272844496       0.75087187992919313     
 AVE  0.48952381700242409       0.77996764946040753       0.66390075983312302       0.62531131655331684       0.88049829928582268       0.87941978761213635       0.78220190112970189     
 AVE  0.54034308149881882       0.81185847403718681       0.69033139473522576       0.64305171491036139       0.89865038613491000       0.89809902202634728       0.81517951899774355     
 AVE  0.59700916586942154       0.84373087910918931       0.71955034104466120       0.66205590506452616       0.91650587083365387       0.91546763631937444       0.84702135864760442     
 AVE  0.65970740879756884       0.87545855416533447       0.74948203324771911       0.68312339806429145       0.93446663959839427       0.93254114612838512       0.87834246064117960     
 AVE  0.73117540985603291       0.90701123528501693       0.78462681605919615       0.70861574215443579       0.95163200748886390       0.94916219823755932       0.90834765779120596     
 AVE  0.80596030198840030       0.94019672376121344       0.82336898495671329       0.74065158878693660       0.96807336920427056       0.96560203669259581       0.93911074518451632     
 AVE  0.89751500361769665       0.97015966627822336       0.88699178984704463       0.80862005868173359       0.98404079226613050       0.98279746401728763       0.96888635703274684     
 AVE   1.0000000000000000        1.0000000000000000        1.0000000000000000        1.0000000000000000        1.0000000000000000        1.0000000000000000        1.0000000000000000     
 AVE  0.18724224102231823       0.22145806985468416       0.36258225833728058       0.24559562147457820     
 AVE   0.0000000000000000        0.0000000000000000        0.0000000000000000        0.0000000000000000     
 AVE  0.18724035404853298       0.22145614919610446       0.36258017013251387       0.24559377453201506     
 AVE   0.0000000000000000        0.0000000000000000        0.0000000000000000        0.0000000000000000     
 AVE  0.22771844221604662       0.22356288930847654       0.27083739837902676       0.22476124662775032     
 AVE   0.0000000000000000        0.0000000000000000        0.0000000000000000        0.0000000000000000     
 AVE  0.22771652752580898       0.22356099678744834       0.27083539347340146       0.22475935928845855     
 AVE   0.0000000000000000        0.0000000000000000        0.0000000000000000        0.0000000000000000     
 AVE  0.25442987174193538       0.22082157581844680       0.23649794931746532       0.22183276053811171     
 AVE   0.0000000000000000        0.0000000000000000        0.0000000000000000        0.0000000000000000     
 AVE  0.25442795743314423       0.22081965756947078       0.23649600730189416       0.22183082456114148     
 AVE   0.0000000000000000        0.0000000000000000        0.0000000000000000        0.0000000000000000     
 AVE  0.27128505569284916       0.22515256469212827       0.21473624660834939       0.22186009829974954     
 AVE   0.0000000000000000        0.0000000000000000        0.0000000000000000        0.0000000000000000     
 AVE  0.27128309034075615       0.22515065870207415       0.21473431831409423       0.22185819380729013     
 AVE   0.0000000000000000        0.0000000000000000        0.0000000000000000        0.0000000000000000     
 AVE  0.26973692607913669       0.22476339426645595       0.19947318993771268       0.22347329754523604     
 AVE   0.0000000000000000        0.0000000000000000        0.0000000000000000        0.0000000000000000     
 AVE  0.26973500153037600       0.22476146960333795       0.19947131597951445       0.22347138303183536     
 AVE   0.0000000000000000        0.0000000000000000        0.0000000000000000        0.0000000000000000     
 AVE  0.26245236131016791       0.22213807624573101       0.19049896971052324       0.22306311452844277     
 AVE   0.0000000000000000        0.0000000000000000        0.0000000000000000        0.0000000000000000     
 AVE  0.26245040398091712       0.22213617081352524       0.19049712517266701       0.22306119129878416     
 AVE   0.0000000000000000        0.0000000000000000        0.0000000000000000        0.0000000000000000     
 AVE  0.25248808815609380       0.22285491236745211       0.18357144627990593       0.22454323542434690     
 AVE   0.0000000000000000        0.0000000000000000        0.0000000000000000        0.0000000000000000     
 AVE  0.25248611562712164       0.22285299347802340       0.18356960018497268       0.22454136808653044     
 AVE   0.0000000000000000        0.0000000000000000        0.0000000000000000        0.0000000000000000     
 AVE  0.22792087110031167       0.22159847022182366       0.19518365591588424       0.23081316607442495     
 AVE   0.0000000000000000        0.0000000000000000        0.0000000000000000        0.0000000000000000     
 AVE  0.22791894728035958       0.22159655769269257       0.19518186437665416       0.23081127133961807     
 AVE   0.0000000000000000        0.0000000000000000        0.0000000000000000        0.0000000000000000     
 SUM   3.9428958725326506E-005   3.9428958725326473E-005  -3.7976588427124755E-003   5.3911970683178052E-002   3.0793271385501191        92.108426238723638        0.0000000000000000        0.0000000000000000       -3.8371544669442842E-003   92.108426238723638        3.9428958725326473E-005   0.0000000000000000        0.0000000000000000        0.0000000000000000        0.0000000000000000        0.0000000000000000        0.0000000000000000        0.0000000000000000        0.0000000000000000        0.0000000000000000        0.0000000000000000        0.0000000000000000        0.0000000000000000        0.0000000000000000        0.0000000000000000        0.0000000000000000     
 QSM   4.9561645503403245E-007   4.9561645503403245E-007   4.8035286147959093E-002   5.0211235407220014E-004   4.6113696682934892E-002  0.89652254280129251        0.0000000000000000        0.0000000000000000        4.8035342429483360E-002  0.89652254280129251        4.9561645503403245E-007   0.0000000000000000        0.0000000000000000        0.0000000000000000        0.0000000000000000        0.0000000000000000        0.0000000000000000        0.0000000000000000        0.0000000000000000        0.0000000000000000        0.0000000000000000        0.0000000000000000        0.0000000000000000        0.0000000000000000        0.0000000000000000        0.0000000000000000     
 SPE       26244           2        5901
 AVE   1.0000000000000000       0.22566322299950403     
