 -0.00203895280674076  0.00792346618889668  0.01676373318067765  0.02572574052739133
  0.03488945809255872  0.04410931323940914  0.05364278571301313  0.06314488365498278
  0.07291932037831046  0.08258612238457756  0.09221295681649379  0.10176272561280914
  0.11127943820427130  0.12108166336442745  0.13138584217941029  0.14156140963850553
  0.15202431611075434  0.16250345523723903  0.17278101103329851  0.18314403510742175
  0.19366281288185425  0.20432243342485737  0.21471450410014442  0.22485479932087482
  0.23533220289465168  0.24599330603845498  0.25682459859199858  0.26775889273980036
  0.27876250300682948  0.28973164721592076  0.30066675387226455  0.31156358969783315
  0.32236580491045530  0.33312409623906220  0.34423158841704254  0.35529131679508535
  0.36633547371805641  0.37747523604030830  0.38885981181913126  0.40035266651675006
  0.41158183354242239  0.42292835705758625  0.43440611067330920  0.44585974443554122
  0.45701589447553720  0.46865656190005128  0.48038577350825762  0.49239241397893352
  0.50417896670914664  0.51562288008936297  0.52687652670069796  0.53797772581380354
  0.54932573747485214  0.56065277915747413  0.57193124305731924  0.58321910434724700
  0.59431460115442247  0.60540542569663724  0.61648637920968952  0.62770076084747484
  0.63893484384338672  0.65026154553014059  0.66173853014903505  0.67315387051237607
  0.68435078217545808  0.69544674695582154  0.70654791533938688  0.71769496846790781
  0.72892203024805113  0.74022259579057070  0.75141042301465988  0.76217114463934144
  0.77266376542426263  0.78296695263614280  0.79329416068023073  0.80373422051253174
  0.81426372440659567  0.82480479868117540  0.83522100465667271  0.84551549075501919
  0.85557990122086036  0.86545364696141791  0.87517964341708021  0.88486351860077428
  0.89448562695299483  0.90402725047342070  0.91348725901613315  0.92307517197441580
  0.93288693570910941  0.94275798776705644  0.95285270079863837  0.96268443781510049
  0.97227351843504206  0.98171251212369293  0.99082225154304615  1.00000000000000000
 -0.00253081609974929  0.00954859922811788  0.02020703004163162  0.03083201477772691
  0.04139561337854486  0.05167671384961229  0.06197463259457650  0.07257104199388321
  0.08307805426706717  0.09356480727387630  0.10394775435867296  0.11435866902421515
  0.12477263405681699  0.13497086235028433  0.14513289823715830  0.15560518558944231
  0.16610354128560298  0.17690640517173040  0.18769433789297627  0.19872283477562133
  0.20966563352084233  0.22068877286928956  0.23136887339552811  0.24181472652864514
  0.25207759478676156  0.26225178457504178  0.27246541278832637  0.28282517148110670
  0.29341881770750561  0.30423654456701327  0.31499855632714407  0.32577726369234344
  0.33659447221331140  0.34747593481668171  0.35819580724794114  0.36865136266913545
  0.37898135598269028  0.38920185681498776  0.39945247108689791  0.40975863618228980
  0.41998366453282987  0.43024325460656487  0.44042792292810801  0.45063619583482817
  0.46110732840668917  0.47170287758079110  0.48229781155242640  0.49263246586904319
  0.50296070313622898  0.51348602628724616  0.52406935669307042  0.53472238721107013
  0.54507694864148515  0.55535157384045675  0.56564968947369332  0.57604365944865188
  0.58640865413884680  0.59661971503667910  0.60701207562094650  0.61752349624455172
  0.62809715287655010  0.63849639907158562  0.64909414270825694  0.66002132222190613
  0.67139384120607470  0.68253513528480536  0.69371363693542609  0.70497632092790552
  0.71632459712207375  0.72747937317588884  0.73819207054735048  0.74848918142502829
  0.75879078619922202  0.76905797026108969  0.77952031404260547  0.78991222543772976
  0.80040892946960884  0.81077547864203880  0.82120783779187778  0.83202886033053391
  0.84317508453075363  0.85472552741683394  0.86607311381324414  0.87704399337838224
  0.88748590716348763  0.89776335928940465  0.90769536171777887  0.91766308415830611
  0.92778600381770193  0.93800921998143028  0.94831521085293369  0.95868199713999247
  0.96913630962220432  0.97957107021576262  0.98980056734632826  1.00000000000000000
 -0.00233967684115856  0.01722836248938512  0.03242062993369277  0.04566579758377648
  0.05765802632578407  0.06890778787470699  0.07961854067748762  0.08993452935534210
  0.10006712134243602  0.11023375351894303  0.12034907319679626  0.13019500901628769
  0.13978504419296814  0.14919250838352432  0.15820149127865454  0.16718554575809011
  0.17605745958011770  0.18489255171311586  0.19358094292928921  0.20180997656381863
  0.21006525759688507  0.21840573337519145  0.22669616871685100  0.23475163471042274
  0.24257612968785100  0.25049648821547660  0.25850955812461701  0.26660973596458226
  0.27478251076701232  0.28301120113949535  0.29115083361428795  0.29924584202125953
  0.30742786896746022  0.31553072886004352  0.32343760196444282  0.33124516368013263
  0.33901932934778189  0.34678211788907543  0.35455454054943619  0.36233606157157949
  0.37007944796912340  0.37779833515870215  0.38554336949254003  0.39344784356421569
  0.40121266553026108  0.40894198303985418  0.41647083078821145  0.42444217176083099
  0.43225459739400590  0.44005930283618211  0.44797153970321263  0.45611912311788955
  0.46449319795154320  0.47289627657391720  0.48106831143099221  0.48914161951019852
  0.49736112315160430  0.50586726857768383  0.51449935196588070  0.52309148223661328
  0.53164688180382558  0.54025001320519117  0.54901130615427640  0.55787017659615001
  0.56671842236754044  0.57559215661163221  0.58465557810533031  0.59400698235414839
  0.60354676273748242  0.61303721385427601  0.62237884667243615  0.63163684043185575
  0.64086373631600735  0.65033508034236631  0.66010632956129500  0.67023608871187135
  0.68066578215036966  0.69117208342549807  0.70213094964370015  0.71326238728511904
  0.72450500018495401  0.73592666573279886  0.74769176868120479  0.75974047408058443
  0.77191919741821791  0.78442114259384943  0.79754495898918554  0.81127236762190047
  0.82579066747621122  0.84156369727539493  0.85844984975813121  0.87559103885188938
  0.89492435483776611  0.91737648610853562  0.94739236959864737  1.00000000000000000
 -0.02372202563218496  0.15260339020045632  0.20180737784878611  0.23484584521290719
  0.26154746470748846  0.28383978068995708  0.30341764831428431  0.32112105605663593
  0.33742165232843069  0.35255874322249608  0.36652585161963674  0.37963657190857719
  0.39187869480316823  0.40351703957762747  0.41456185638306026  0.42521511381411203
  0.43549283916112008  0.44543435162602074  0.45504100362173328  0.46435011642817620
  0.47337006068069803  0.48208544704105250  0.49042910336822826  0.49849236451595852
  0.50624202182647959  0.51378652384436563  0.52124810515016418  0.52857424613416515
  0.53578689162204829  0.54291811579720028  0.54994079498353443  0.55690391797513339
  0.56371830170173853  0.57037832814197142  0.57692232611666405  0.58334682948534067
  0.58957891567581477  0.59568424632134587  0.60174013537183280  0.60760366010743738
  0.61342205724864152  0.61917973726651399  0.62480946020299100  0.63032527265951355
  0.63574707336894898  0.64111775100773671  0.64640505256274838  0.65156988847671837
  0.65673143657281530  0.66190764853459494  0.66706874584010944  0.67214482529148500
  0.67714133535243637  0.68212965863136188  0.68705411385824700  0.69192036099861154
  0.69673871030476608  0.70155959422336522  0.70641787223039365  0.71128276754022468
  0.71612498727590446  0.72104133385997859  0.72597609870021884  0.73088334761894236
  0.73572174450356576  0.74049398300623981  0.74523622510080123  0.74998709391810237
  0.75472866651258086  0.75944646581678543  0.76418994126456785  0.76895919989165995
  0.77377815610112333  0.77877086277855023  0.78367560889171195  0.78865706577045802
  0.79376726509921025  0.79899658162275955  0.80427146299060981  0.80956355478891973
  0.81499351952082022  0.82063351540699148  0.82633783706747033  0.83214190469688998
  0.83823796402992234  0.84463104000710520  0.85134290273538149  0.85848210569242223
  0.86621542642317839  0.87423250840788225  0.88334306665518181  0.89328470198076282
  0.90521905821754156  0.92018284474676848  0.94315783044150148  1.00000000000000000
   4.4339211665658400E-004  -1.0000000000000000     
 F F F F F F F F F F F F F F F F
  <DiscreteSampler_grid>
  grouped_processes
  1 # 1 for a reference and 2 for a running grid.
  10 # Attribute 'min_bin_probing_points' of the grid.
  1 # Attribute 'grid_mode' of the grid. 1=='default',2=='initialization'
  0.0000000000000000 # Attribute 'small_contrib_threshold' of the grid.
  0.5000000000000000 # Attribute 'damping_power' of the grid.
 # binID   n_entries weight   weight_sqr   abs_weight
    10   10   2.390397492775927E+008   6.023969963653289E+016   2.390397492775927E+008
  </DiscreteSampler_grid>
