     
 Soft #          45
 ME*wgt:
   1.0256532596208248        2.9829534621467305E-010   2.9083449344757145E-010
   1.0002020501464208        2.9089325659955678E-010   2.9083449344757145E-010
  0.99999931575499257        2.9083429444552132E-010   2.9083449344757145E-010
  0.99999972406557613        2.9083441319632305E-010   2.9083449344757145E-010
  0.99999996453580275        2.9083448313335961E-010   2.9083449344757145E-010
  0.99999952719548479        2.9083435593970978E-010   2.9083449344757145E-010
  0.99999965225194665        2.9083439231044251E-010   2.9083449344757145E-010
  0.99996879222323354        2.9082541714962395E-010   2.9083449344757145E-010
   1.0000071245980620        2.9083656552643982E-010   2.9083449344757145E-010
  0.99656435612499383        2.8983528970151778E-010   2.9083449344757145E-010
 wgt:
   1.1111111111111112        6.2265601369927506E-006   5.6039041232934754E-006
   1.0101010101010099        5.6605092154479546E-006   5.6039041232934754E-006
   1.0010010010010011        5.6095136369304066E-006   5.6039041232934754E-006
   1.0001000100009998        5.6044645697504492E-006   5.6039041232934754E-006
   1.0000100001000012        5.6039601628951048E-006   5.6039041232934754E-006
   1.0000010000010000        5.6039097272032024E-006   5.6039041232934754E-006
   1.0000001000000101        5.6039046836839435E-006   5.6039041232934754E-006
   1.0000000099999999        5.6039041793325162E-006   5.6039041232934754E-006
   1.0000000009999999        5.6039041288973793E-006   5.6039041232934754E-006
   1.0000000001000000        5.6039041238538656E-006   5.6039041232934754E-006
     
 Soft #          93
 ME*wgt:
   1.0204798205413259        1.6597746883547221E-010   1.6264649774987951E-010
   1.0001602510655043        1.6267256202444446E-010   1.6264649774987951E-010
  0.99999900639525718        1.6264633614354795E-010   1.6264649774987951E-010
  0.99999973204810788        1.6264645416844270E-010   1.6264649774987951E-010
  0.99999997254464179        1.6264649328436165E-010   1.6264649774987951E-010
  0.99999997574248933        1.6264649380448036E-010   1.6264649774987951E-010
  0.99999979714753795        1.6264646475663700E-010   1.6264649774987951E-010
   1.0000001298243542        1.6264651886535605E-010   1.6264649774987951E-010
   1.0000026723057991        1.6264693239105864E-010   1.6264649774987951E-010
  0.99982350212934690        1.6261779098935747E-010   1.6264649774987951E-010
 wgt:
   1.1111111111111112        3.6176686139921666E-006   3.2559017525929498E-006
   1.0101010101010102        3.2887896490837879E-006   3.2559017525929498E-006
   1.0010010010010013        3.2591609135064576E-006   3.2559017525929498E-006
   1.0001000100010000        3.2562273753304828E-006   3.2559017525929498E-006
   1.0000100001000012        3.2559343119360697E-006   3.2559017525929498E-006
   1.0000010000010000        3.2559050084979584E-006   3.2559017525929498E-006
   1.0000001000000101        3.2559020781831579E-006   3.2559017525929498E-006
   1.0000000100000002        3.2559017851519675E-006   3.2559017525929498E-006
   1.0000000010000001        3.2559017558488517E-006   3.2559017525929498E-006
   1.0000000001000000        3.2559017529185399E-006   3.2559017525929498E-006
     
 Soft #          99
 ME*wgt:
   1.0192337158000218        7.6687790266147038E-007   7.5240633308478121E-007
   1.0001547996360536        7.5252280531130708E-007   7.5240633308478121E-007
  0.99999945854650762        7.5240592569174448E-007   7.5240633308478121E-007
  0.99999978706386394        7.5240617287028393E-007   7.5240633308478121E-007
  0.99999997655508432        7.5240631544467813E-007   7.5240633308478121E-007
   1.0000000029866389        7.5240633533194733E-007   7.5240633308478121E-007
  0.99999997695351961        7.5240631574446342E-007   7.5240633308478121E-007
   1.0000000032009062        7.5240633549316333E-007   7.5240633308478121E-007
  0.99999726029278491        7.5240427171172179E-007   7.5240633308478121E-007
  0.99994625971919326        7.5236589855716043E-007   7.5240633308478121E-007
 wgt:
   1.1111111111111112        3.4144950208217284E-004   3.0730455187395555E-004
   1.0101010101010099        3.1040863825652074E-004   3.0730455187395555E-004
   1.0010010010010013        3.0761216403799361E-004   3.0730455187395555E-004
   1.0001000100010000        3.0733528540249574E-004   3.0730455187395555E-004
   1.0000100001000012        3.0730762495020507E-004   3.0730455187395555E-004
   1.0000010000009998        3.0730485917881468E-004   3.0730455187395555E-004
   1.0000001000000101        3.0730458260441382E-004   3.0730455187395555E-004
   1.0000000100000002        3.0730455494700111E-004   3.0730455187395555E-004
   1.0000000009999999        3.0730455218126008E-004   3.0730455187395555E-004
   1.0000000001000000        3.0730455190468601E-004   3.0730455187395555E-004
     
 Collinear #           9
 ME*wgt:
   1.0502920238238809        4.8623730465797435E-016   4.6295439137744941E-016
   1.0036125496260178        4.6462683709088332E-016   4.6295439137744941E-016
  0.99998673248565029        4.6294824912341853E-016   4.6295439137744941E-016
  0.99988127471236588        4.6289942698417164E-016   4.6295439137744941E-016
  0.99995634814597334        4.6293418255993602E-016   4.6295439137744941E-016
  0.99997411870492592        4.6294240951824032E-016   4.6295439137744941E-016
   1.0002406092921383        4.6306578250585110E-016   4.6295439137744941E-016
   1.0034526999644644        4.6455283398810692E-016   4.6295439137744941E-016
   1.0164433636560573        4.7056691879103747E-016   4.6295439137744941E-016
  0.79738989985405873        3.6915515577746108E-016   4.6295439137744941E-016
 wgt:
   1.0000002578620975        1.4138411090055265E-006   1.4138407444295869E-006
   1.0000000247160659        1.4138407793741678E-006   1.4138407444295869E-006
   1.0000000024613875        1.4138407479095969E-006   1.4138407444295869E-006
   1.0000000002460372        1.4138407447774442E-006   1.4138407444295869E-006
   1.0000000000246028        1.4138407444643711E-006   1.4138407444295869E-006
   1.0000000000024605        1.4138407444330656E-006   1.4138407444295869E-006
   1.0000000000002462        1.4138407444299350E-006   1.4138407444295869E-006
   1.0000000000000246        1.4138407444296218E-006   1.4138407444295869E-006
   1.0000000000000024        1.4138407444295902E-006   1.4138407444295869E-006
   1.0000000000000002        1.4138407444295871E-006   1.4138407444295869E-006
     
 Collinear #           9
 ME*wgt:
   1.0502920238238809        4.8623730465797435E-016   4.6295439137744941E-016
   1.0036125496260178        4.6462683709088332E-016   4.6295439137744941E-016
  0.99998673248565029        4.6294824912341853E-016   4.6295439137744941E-016
  0.99988127471236588        4.6289942698417164E-016   4.6295439137744941E-016
  0.99995634814597334        4.6293418255993602E-016   4.6295439137744941E-016
  0.99997411870492592        4.6294240951824032E-016   4.6295439137744941E-016
   1.0002406092921383        4.6306578250585110E-016   4.6295439137744941E-016
   1.0034526999644644        4.6455283398810692E-016   4.6295439137744941E-016
   1.0164433636560573        4.7056691879103747E-016   4.6295439137744941E-016
  0.79738989985405873        3.6915515577746108E-016   4.6295439137744941E-016
 wgt:
   1.0000002578620975        1.4138411090055265E-006   1.4138407444295869E-006
   1.0000000247160659        1.4138407793741678E-006   1.4138407444295869E-006
   1.0000000024613875        1.4138407479095969E-006   1.4138407444295869E-006
   1.0000000002460372        1.4138407447774442E-006   1.4138407444295869E-006
   1.0000000000246028        1.4138407444643711E-006   1.4138407444295869E-006
   1.0000000000024605        1.4138407444330656E-006   1.4138407444295869E-006
   1.0000000000002462        1.4138407444299350E-006   1.4138407444295869E-006
   1.0000000000000246        1.4138407444296218E-006   1.4138407444295869E-006
   1.0000000000000024        1.4138407444295902E-006   1.4138407444295869E-006
   1.0000000000000002        1.4138407444295871E-006   1.4138407444295869E-006
     
 Collinear #          33
 ME*wgt:
   1.0520834274307873        5.4047066977977590E-014   5.1371465008209291E-014
   1.0032355739473493        5.1537681182027017E-014   5.1371465008209291E-014
  0.99978100962799310        5.1360215151976604E-014   5.1371465008209291E-014
  0.99980706647803974        5.1361553730536998E-014   5.1371465008209291E-014
  0.99992658797439526        5.1367693724904757E-014   5.1371465008209291E-014
  0.99997544077629086        5.1370203364907890E-014   5.1371465008209291E-014
  0.99998738405099430        5.1370816908426399E-014   5.1371465008209291E-014
   1.0000593861424061        5.1374515761345873E-014   5.1371465008209291E-014
  0.99998953489129627        5.1370927400243711E-014   5.1371465008209291E-014
   1.0009440303060293        5.1419961228042160E-014   5.1371465008209291E-014
 wgt:
   1.0000346286772517        2.0567721835377956E-006   2.0567009627039547E-006
   1.0000033190534023        2.0567077890042825E-006   2.0567009627039547E-006
   1.0000003305321052        2.0567016425096538E-006   2.0567009627039547E-006
   1.0000000330395398        2.0567010306564080E-006   2.0567009627039547E-006
   1.0000000033038174        2.0567009694989191E-006   2.0567009627039547E-006
   1.0000000003303804        2.0567009633834484E-006   2.0567009627039547E-006
   1.0000000000330380        2.0567009627719041E-006   2.0567009627039547E-006
   1.0000000000033038        2.0567009627107496E-006   2.0567009627039547E-006
   1.0000000000003302        2.0567009627046336E-006   2.0567009627039547E-006
   1.0000000000000331        2.0567009627040229E-006   2.0567009627039547E-006
     
 Collinear #          33
 ME*wgt:
   1.0520834274307873        5.4047066977977590E-014   5.1371465008209291E-014
   1.0032355739473493        5.1537681182027017E-014   5.1371465008209291E-014
  0.99978100962799310        5.1360215151976604E-014   5.1371465008209291E-014
  0.99980706647803974        5.1361553730536998E-014   5.1371465008209291E-014
  0.99992658797439526        5.1367693724904757E-014   5.1371465008209291E-014
  0.99997544077629086        5.1370203364907890E-014   5.1371465008209291E-014
  0.99998738405099430        5.1370816908426399E-014   5.1371465008209291E-014
   1.0000593861424061        5.1374515761345873E-014   5.1371465008209291E-014
  0.99998953489129627        5.1370927400243711E-014   5.1371465008209291E-014
   1.0009440303060293        5.1419961228042160E-014   5.1371465008209291E-014
 wgt:
   1.0000346286772517        2.0567721835377956E-006   2.0567009627039547E-006
   1.0000033190534023        2.0567077890042825E-006   2.0567009627039547E-006
   1.0000003305321052        2.0567016425096538E-006   2.0567009627039547E-006
   1.0000000330395398        2.0567010306564080E-006   2.0567009627039547E-006
   1.0000000033038174        2.0567009694989191E-006   2.0567009627039547E-006
   1.0000000003303804        2.0567009633834484E-006   2.0567009627039547E-006
   1.0000000000330380        2.0567009627719041E-006   2.0567009627039547E-006
   1.0000000000033038        2.0567009627107496E-006   2.0567009627039547E-006
   1.0000000000003302        2.0567009627046336E-006   2.0567009627039547E-006
   1.0000000000000331        2.0567009627040229E-006   2.0567009627039547E-006
     
 Collinear #          76
 ME*wgt:
   1.0533873345238345        3.1278763445081971E-017   2.9693506291511462E-017
   1.0034774758195526        2.9796764741637923E-017   2.9693506291511462E-017
  0.99984299041224045        2.9688844126329497E-017   2.9693506291511462E-017
  0.99982584751073855        2.9688335093475894E-017   2.9693506291511462E-017
  0.99995344132818176        2.9692123801296902E-017   2.9693506291511462E-017
   1.0000198804623557        2.9694096612145498E-017   2.9693506291511462E-017
  0.99869950890311665        2.9654890150944103E-017   2.9693506291511462E-017
  0.99574747307904432        2.9567233856629242E-017   2.9693506291511462E-017
   1.0738180870518017        3.1885424123811475E-017   2.9693506291511462E-017
                       NaN                       NaN   2.9693506291511462E-017
 wgt:
   1.0000000555728783        7.9207977382240452E-007   7.9207972980425403E-007
   1.0000000053266582        7.9207973402339206E-007   7.9207972980425403E-007
   1.0000000005304637        7.9207973022442356E-007   7.9207972980425403E-007
   1.0000000000530249        7.9207972984625405E-007   7.9207972980425403E-007
   1.0000000000053029        7.9207972980845426E-007   7.9207972980425403E-007
   1.0000000000005309        7.9207972980467448E-007   7.9207972980425403E-007
   1.0000000000000535        7.9207972980429649E-007   7.9207972980425403E-007
   1.0000000000000058        7.9207972980425869E-007   7.9207972980425403E-007
   1.0000000000000011        7.9207972980425488E-007   7.9207972980425403E-007
   1.0000000000000002        7.9207972980425424E-007   7.9207972980425403E-007
     
 Collinear #          76
 ME*wgt:
   1.0533873345238345        3.1278763445081971E-017   2.9693506291511462E-017
   1.0034774758195526        2.9796764741637923E-017   2.9693506291511462E-017
  0.99984299041224045        2.9688844126329497E-017   2.9693506291511462E-017
  0.99982584751073855        2.9688335093475894E-017   2.9693506291511462E-017
  0.99995344132818176        2.9692123801296902E-017   2.9693506291511462E-017
   1.0000198804623557        2.9694096612145498E-017   2.9693506291511462E-017
  0.99869950890311665        2.9654890150944103E-017   2.9693506291511462E-017
  0.99574747307904432        2.9567233856629242E-017   2.9693506291511462E-017
   1.0738180870518017        3.1885424123811475E-017   2.9693506291511462E-017
   0.0000000000000000        0.0000000000000000        2.9693506291511462E-017
 wgt:
   1.0000000555728783        7.9207977382240452E-007   7.9207972980425403E-007
   1.0000000053266582        7.9207973402339206E-007   7.9207972980425403E-007
   1.0000000005304637        7.9207973022442356E-007   7.9207972980425403E-007
   1.0000000000530249        7.9207972984625405E-007   7.9207972980425403E-007
   1.0000000000053029        7.9207972980845426E-007   7.9207972980425403E-007
   1.0000000000005309        7.9207972980467448E-007   7.9207972980425403E-007
   1.0000000000000535        7.9207972980429649E-007   7.9207972980425403E-007
   1.0000000000000058        7.9207972980425869E-007   7.9207972980425403E-007
   1.0000000000000011        7.9207972980425488E-007   7.9207972980425403E-007
   1.0000000000000002        7.9207972980425424E-007   7.9207972980425403E-007
