 AVE   0.0000000000000000        0.0000000000000000        0.0000000000000000        0.0000000000000000        0.0000000000000000        0.0000000000000000        0.0000000000000000     
 AVE   2.5367301321413370E-002   3.1316396129644042E-002   4.7047766482011512E-002  0.26552780539975734       0.14457422309772122       0.14336201130251894        3.0476989954654848E-002
 AVE   5.0818789152811440E-002   6.2745077221507836E-002   8.5996180935179550E-002  0.36134487544044436       0.23289210839218966       0.23332576833978269        6.2109602190303009E-002
 AVE   7.8583983703476523E-002   9.4165853980605785E-002  0.11511718984591149       0.40897142139472825       0.29061998345337325       0.29299437368992204        9.2478896421518408E-002
 AVE  0.10615910402115135       0.12630647260095562       0.14404543632557990       0.44543211785522852       0.33848433988237597       0.34341745415086011       0.12251584423334663     
 AVE  0.13678232863637119       0.15704604068600828       0.16852335784620595       0.47448885627477205       0.37943052810227373       0.38608582656031892       0.15543229003387637     
 AVE  0.16769356609529537       0.18729883267093766       0.19330742545729676       0.50075616517702515       0.41731589602348879       0.42531632882790926       0.18661143767034494     
 AVE  0.19773589388724705       0.21819530230099835       0.21656223208683326       0.52403684574422682       0.45223207738333365       0.46062882825299611       0.21836261375001437     
 AVE  0.22779995570966136       0.24967516130752543       0.24022414967386449       0.54483615448889122       0.48418993293727153       0.49325743791351206       0.24983449817782627     
 AVE  0.25985568239724860       0.28056441434923779       0.26141985479194219       0.56318519832290825       0.51432241634559150       0.52353939418316653       0.28147341846939711     
 AVE  0.29160290029140329       0.31175539334895119       0.28311131587038202       0.58087441202396339       0.54299700614183766       0.55288581745760768       0.31359789951222045     
 AVE  0.32599715619036640       0.34368869933534291       0.30505065495713518       0.59737553908679608       0.57045887693556718       0.58082371353998363       0.34378395953752289     
 AVE  0.36085185018340732       0.37541224011166324       0.32680582371608580       0.61315045702688664       0.59657363350118442       0.60769022656338745       0.37390063855960137     
 AVE  0.39462774396159322       0.40780794946500259       0.34808161449398245       0.62813232445865497       0.62176546833211876       0.63338107031742019       0.40548010200749440     
 AVE  0.42914878202469159       0.44007483028872108       0.36995255241870356       0.64263455863663466       0.64602239807317630       0.65804200047000805       0.43558802281451164     
 AVE  0.46393244784266430       0.47244098577723009       0.39171542153560140       0.65656905124606046       0.66962625132500297       0.68144615726905744       0.46789325387449188     
 AVE  0.49855640131037421       0.50497551604180346       0.41258531821178651       0.67005554703069448       0.69254937450033494       0.70414307721539438       0.49880602679897129     
 AVE  0.53375930085234913       0.53592968608770553       0.43700427605097741       0.68315092375503061       0.71459740476379219       0.72617544220844665       0.53060812140231661     
 AVE  0.56870342143624264       0.56709204242711964       0.46075691746986752       0.69598836472937142       0.73588109053139383       0.74770152286770530       0.56266730788908603     
 AVE  0.60289792914099083       0.59724775442950251       0.48390990985350213       0.70851756490766138       0.75660542248490570       0.76845077803131856       0.59398340288354257     
 AVE  0.63738416820287480       0.62775345618431944       0.50694715177555549       0.72094166009459437       0.77702009678402773       0.78869791362404806       0.62545548839839649     
 AVE  0.67099964271386181       0.65938716759089011       0.53199225152098095       0.73309542424915664       0.79696049561077653       0.80828718992797488       0.65660902712712521     
 AVE  0.70486351873144815       0.69069624956044240       0.55740904960772486       0.74528817940891867       0.81638118105836521       0.82775301709663418       0.68774734634893087     
 AVE  0.73660301592242206       0.72192011845979043       0.58355509996737998       0.75747694157393008       0.83521302879642179       0.84663544260148293       0.71914840603927144     
 AVE  0.76862897132947228       0.75289866757127633       0.60964518416138225       0.76966171173380438       0.85368421933912930       0.86545186219896908       0.75004014542113906     
 AVE  0.79979540532821847       0.78338589175929352       0.63818702510710623       0.78349334960592054       0.87151457795531451       0.88308158296175066       0.78121304700498995     
 AVE  0.83018610715064856       0.81411482403288504       0.66789570814091381       0.79671887960496635       0.88944311126114006       0.90068323455940913       0.81312552543035543     
 AVE  0.85965846702548399       0.84563620010949481       0.70023509814282658       0.81146024858563193       0.90703050083433012       0.91760540099634891       0.84415695629026255     
 AVE  0.88897832300185264       0.87656630837605698       0.73333473063177845       0.82548055456773417       0.92468242070416085       0.93456269688245641       0.87490852771739358     
 AVE  0.91771571555238141       0.90708668594766051       0.77330528796871512       0.84419082440207571       0.94249850775525790       0.95137174526918378       0.90616709397340689     
 AVE  0.94552313292164336       0.93726258376158733       0.81783831573609678       0.86537937406700483       0.96021921510406072       0.96790420320393111       0.93613725788844948     
 AVE  0.97286618468247066       0.96865554163570100       0.88817375485473971       0.90640121876882596       0.97970605033961178       0.98395943873213887       0.96848185282655308     
 AVE   1.0000000000000000        1.0000000000000000        1.0000000000000000        1.0000000000000000        1.0000000000000000        1.0000000000000000        1.0000000000000000     
 AVE  -8.5135512877477737       -6.6993840152054167       -9.1226753791467985       -7.1587082379767821     
 AVE   0.0000000000000000        0.0000000000000000        0.0000000000000000        0.0000000000000000     
 AVE  0.17898882564035534       0.19946901051846602        9.3409327877726211E-002  0.13888410163052597     
 AVE   0.0000000000000000        0.0000000000000000        0.0000000000000000        0.0000000000000000     
 AVE  -4.6752070756778199       -8.8406285409699876       -7.1693333756749817       -7.4794604163814853     
 AVE   0.0000000000000000        0.0000000000000000        0.0000000000000000        0.0000000000000000     
 AVE  0.25158945250972109       0.13756997999944540       0.11921276658720462       0.23914286395984774     
 AVE   0.0000000000000000        0.0000000000000000        0.0000000000000000        0.0000000000000000     
 AVE  -6.9635023674212526       -8.8372601398922743       -8.1149702944910977       -2.5832353715579099     
 AVE   0.0000000000000000        0.0000000000000000        0.0000000000000000        0.0000000000000000     
 AVE  0.21660134400413791       0.17639929649780603       0.15130294412631171       0.24509772195171092     
 AVE   0.0000000000000000        0.0000000000000000        0.0000000000000000        0.0000000000000000     
 AVE  -7.5874974186226369       -6.9452064392550819       -7.3212735799128845       -7.5732542732609458     
 AVE   0.0000000000000000        0.0000000000000000        0.0000000000000000        0.0000000000000000     
 AVE  0.14061822037724744       0.13101119939883646       0.14929009049338890       0.14356358727706206     
 AVE   0.0000000000000000        0.0000000000000000        0.0000000000000000        0.0000000000000000     
 AVE  -7.4801401373387399       -7.3225920846961419       -8.5365737370197898       -6.6429444626011227     
 AVE   0.0000000000000000        0.0000000000000000        0.0000000000000000        0.0000000000000000     
 AVE  0.23636845922230321       0.16264960487942348       0.17739860534558302       0.22832232041993672     
 AVE   0.0000000000000000        0.0000000000000000        0.0000000000000000        0.0000000000000000     
 AVE  -7.7142155470476172       -9.3444802779803577       -8.1509657787400354       -6.5115515220004845     
 AVE   0.0000000000000000        0.0000000000000000        0.0000000000000000        0.0000000000000000     
 AVE  0.15602763176631540       0.16974907810149634       0.21408163206082623       0.23021423032976418     
 AVE   0.0000000000000000        0.0000000000000000        0.0000000000000000        0.0000000000000000     
 AVE  -8.9661315042778789       -8.1451061233159567       -7.4455952141332311       -8.6400498444364402     
 AVE   0.0000000000000000        0.0000000000000000        0.0000000000000000        0.0000000000000000     
 AVE  0.16183989908459306       0.19409432386560935       0.24086283852037446       0.17626947428245518     
 AVE   0.0000000000000000        0.0000000000000000        0.0000000000000000        0.0000000000000000     
 AVE  -6.9483997387853096       -5.7425689574360064       -1.9698873590602790       -8.6210539671036681     
 AVE   0.0000000000000000        0.0000000000000000        0.0000000000000000        0.0000000000000000     
 AVE   9.6448962675287714E-002  0.22150661798076277       0.36687247722723904       0.14398535816365957     
 AVE   0.0000000000000000        0.0000000000000000        0.0000000000000000        0.0000000000000000     
 SUM   8.7936474374522522        8.7936474374522522       -1.1594297151264731E-009  -1.7558244961563412        1.1653775676110795E-009   1.6744558020172650E-012   0.0000000000000000        0.0000000000000000       -8.8313178909551887E-012   1.6744558020172650E-012  -1.1498320694593042E-009   0.0000000000000000        0.0000000000000000        0.0000000000000000        0.0000000000000000        0.0000000000000000        0.0000000000000000        0.0000000000000000        0.0000000000000000        0.0000000000000000        0.0000000000000000        0.0000000000000000        0.0000000000000000        0.0000000000000000        0.0000000000000000        0.0000000000000000     
 QSM   7.6731776407899896E-002   7.6731776407899896E-002   2.7806612741708871E-010  0.21452929698332104        2.7806582426763865E-010   3.8295407550728656E-013   0.0000000000000000        0.0000000000000000        2.9945988027431109E-012   3.8295407550728656E-013   2.7707459343737569E-010   0.0000000000000000        0.0000000000000000        0.0000000000000000        0.0000000000000000        0.0000000000000000        0.0000000000000000        0.0000000000000000        0.0000000000000000        0.0000000000000000        0.0000000000000000        0.0000000000000000        0.0000000000000000        0.0000000000000000        0.0000000000000000        0.0000000000000000     
 SPE        8748           2        4295
 AVE   5.0000000000000001E-003  -5.7494407430220722     
 AVE   0.0000000000000000        0.0000000000000000        0.0000000000000000        0.0000000000000000        0.0000000000000000        0.0000000000000000        0.0000000000000000     
 AVE   2.5742658454638915E-002   3.1754778234324994E-002   4.7261983934265811E-002  0.26258122454500143       0.14556529089652423       0.14477514550063414        3.0723339082344592E-002
 AVE   5.1962363198744255E-002   6.3650906692176684E-002   8.6402454931869807E-002  0.36038967707310365       0.23613980170227150       0.23461147107580504        6.1571458219708899E-002
 AVE   7.8517804946207942E-002   9.4532843777055231E-002  0.11542637810120635       0.40749814526655154       0.29479357373039300       0.29297632048426481        9.1702083189127315E-002
 AVE  0.10535843233547376       0.12567185036898423       0.14358133346297777       0.44467896313056665       0.34488938188874763       0.34310328325030132       0.12218228180104283     
 AVE  0.13498161415382459       0.15763649713477779       0.16785674034541659       0.47434732810483760       0.38597568335048421       0.38569942244677569       0.15250702513045430     
 AVE  0.16458212378977652       0.18965890736577171       0.19222453964907296       0.50094858379361140       0.42497930913785176       0.42494880075177488       0.18342988800365126     
 AVE  0.19630969786166791       0.22101724801551403       0.21583431983864282       0.52403060146201075       0.46060127770119547       0.46002205218029057       0.21417411423345603     
 AVE  0.22858672528176668       0.25212158256433254       0.23941761128766220       0.54500162328810009       0.49364922769821246       0.49360315498945845       0.24447727359578975     
 AVE  0.26103108451448498       0.28415965446648522       0.26136067424152498       0.56322897826919538       0.52386277483453381       0.52403322577702505       0.27605436330360089     
 AVE  0.29407089919609841       0.31617070055218960       0.28368503408055412       0.58090018357130757       0.55268469735452430       0.55317915599149159       0.30745196936952385     
 AVE  0.32791204443989475       0.34781372063205007       0.30591308245273802       0.59728231732095860       0.57986564104981109       0.58064142401357666       0.33898918761872676     
 AVE  0.36140403699850737       0.37931114772075053       0.32805214764825691       0.61278160355614986       0.60631902194612930       0.60725914559156891       0.36998545621734685     
 AVE  0.39604724937562230       0.41074216162091498       0.34988226195312944       0.62750310428431855       0.63155799678052849       0.63234837688177559       0.40229216400676804     
 AVE  0.43093558922208075       0.44202076034624233       0.37194242784991438       0.64176215673739534       0.65603088508178387       0.65692163761955624       0.43461110591731800     
 AVE  0.46597663347733287       0.47343980297929633       0.39405193918024350       0.65549499723760429       0.67945791115487475       0.68019079578025632       0.46620951715051556     
 AVE  0.50172717811267065       0.50521510041877704       0.41601616633976857       0.66881213081742552       0.70247391329854603       0.70288613297302416       0.49857255448744942     
 AVE  0.53473397742141360       0.53599605839148512       0.43874757145828769       0.68170945115100778       0.72450615135505658       0.72453590698711212       0.52846521907062827     
 AVE  0.56809934821112873       0.56673186214781501       0.46192751999304965       0.69445917777897259       0.74589197186144074       0.74628432409711909       0.55943127193320497     
 AVE  0.60256522721776795       0.59728068746094942       0.48538840973770414       0.70691187673857303       0.76640839993109444       0.76745496319665374       0.59102378223872087     
 AVE  0.63655775242569412       0.62757877297068088       0.50891299994828920       0.71925528432740105       0.78652118738715115       0.78777302941123162       0.62236622376037154     
 AVE  0.66996768415759111       0.65873421412987132       0.53336703074355052       0.73157057241185441       0.80611259644439071       0.80753220115695212       0.65427557004934611     
 AVE  0.70309456237169488       0.68960661690460301       0.55833368410888162       0.74386652254062813       0.82559601219068579       0.82697793182750445       0.68589731809126964     
 AVE  0.73634776403785840       0.72050028014629164       0.58440128465342511       0.75603255565553706       0.84449425053175919       0.84630498884912930       0.71721452275912723     
 AVE  0.76871151324856457       0.75161629070456337       0.61079482095705240       0.76810071747128805       0.86322654946200295       0.86502712842104645       0.74791408147188088     
 AVE  0.80005104268411453       0.78184926087502649       0.63947320174571209       0.78188429431985940       0.88116126138136430       0.88249680141886755       0.77918058628932074     
 AVE  0.83135158475941995       0.81218002752204443       0.66828111288418923       0.79514415818825157       0.89890167774237073       0.89999241401129881       0.81091208400929216     
 AVE  0.86087335710928592       0.84429834367797640       0.69986650506520443       0.80985032617240482       0.91659153397449067       0.91723157390068977       0.84283425696454783     
 AVE  0.89039300183299874       0.87648424971709060       0.73224274539242107       0.82390231320326535       0.93420121992256677       0.93445405313707586       0.87438733094453913     
 AVE  0.91900304134881805       0.90772194348198176       0.77197805495665794       0.84264363304575962       0.95096973556484155       0.95140556501117557       0.90545833151318311     
 AVE  0.94723920177888599       0.93970612808205645       0.81663478648270527       0.86408370503511056       0.96812693023624297       0.96804945953666288       0.93633557148681745     
 AVE  0.97373786237696036       0.96949234328461631       0.88651763287366303       0.90424189978223068       0.98387503585950009       0.98406191983650948       0.96792928948428314     
 AVE   1.0000000000000000        1.0000000000000000        1.0000000000000000        1.0000000000000000        1.0000000000000000        1.0000000000000000        1.0000000000000000     
 AVE  -9.3100654058652932       -6.9040644112090330       -9.3525292564932148       -7.1109573711323799     
 AVE   0.0000000000000000        0.0000000000000000        0.0000000000000000        0.0000000000000000     
 AVE  0.20741786718737662       0.15170474749077950        4.4864290779302395E-002  0.13816994209268593     
 AVE   0.0000000000000000        0.0000000000000000        0.0000000000000000        0.0000000000000000     
 AVE  -8.8854861630113451       -3.9337344057226700       -7.0021226459709274       -3.2669853688783252     
 AVE   0.0000000000000000        0.0000000000000000        0.0000000000000000        0.0000000000000000     
 AVE  0.15672164254209095       0.19411715057344928       0.12332301619479831       0.21399499443093475     
 AVE   0.0000000000000000        0.0000000000000000        0.0000000000000000        0.0000000000000000     
 AVE  -8.9405539431718601       -8.3148321050004306       -8.4506426879173837       -6.4865390629822191     
 AVE   0.0000000000000000        0.0000000000000000        0.0000000000000000        0.0000000000000000     
 AVE  0.15673867852701800       0.10731022206799104       0.14160734591944435       0.17483418063435974     
 AVE   0.0000000000000000        0.0000000000000000        0.0000000000000000        0.0000000000000000     
 AVE  -5.2045162403420946       -8.0605389230681528       -7.0184453869813810       -7.5594394132682483     
 AVE   0.0000000000000000        0.0000000000000000        0.0000000000000000        0.0000000000000000     
 AVE  0.26019219298701463       0.14058082872298527       0.15978225968900175       0.16792795688543555     
 AVE   0.0000000000000000        0.0000000000000000        0.0000000000000000        0.0000000000000000     
 AVE  -7.4956134852290539       -8.8924620028915751       -8.6121292747042695       -5.9648046693562318     
 AVE   0.0000000000000000        0.0000000000000000        0.0000000000000000        0.0000000000000000     
 AVE  0.17642565122310963       0.17591489314987674       0.14450957507888590       0.25230637258481603     
 AVE   0.0000000000000000        0.0000000000000000        0.0000000000000000        0.0000000000000000     
 AVE  -5.6148541701402559       -8.0442315988887181       -7.3863390921886163       -7.8844604775852734     
 AVE   0.0000000000000000        0.0000000000000000        0.0000000000000000        0.0000000000000000     
 AVE  0.18162776017534399       0.20257939215125281       0.20461738493878798       0.15065033967082170     
 AVE   0.0000000000000000        0.0000000000000000        0.0000000000000000        0.0000000000000000     
 AVE  -7.6103465904424930       -7.0287667818545980       -9.0604774628794722       -8.2715680222242209     
 AVE   0.0000000000000000        0.0000000000000000        0.0000000000000000        0.0000000000000000     
 AVE  0.14653522477956094       0.22398176723704033       0.25086583688796904       0.20269625057939536     
 AVE   0.0000000000000000        0.0000000000000000        0.0000000000000000        0.0000000000000000     
 AVE  -5.5260007028709817       -5.3164360626701246       -4.5435695926952464       -2.8705191260413736     
 AVE   0.0000000000000000        0.0000000000000000        0.0000000000000000        0.0000000000000000     
 AVE  0.23168622224799437       0.28278572463001106       0.27352908963937245       0.23100523223031535     
 AVE   0.0000000000000000        0.0000000000000000        0.0000000000000000        0.0000000000000000     
 SUM   8.9278931055448876        8.9278931055448876       -7.9284888019254116E-010  -1.5236573132007052        7.9571471373357619E-010   1.2375373327908691E-012   0.0000000000000000        0.0000000000000000       -1.7052581876087352E-012   1.2375373327908691E-012  -7.8957397830125810E-010   0.0000000000000000        0.0000000000000000        0.0000000000000000        0.0000000000000000        0.0000000000000000        0.0000000000000000        0.0000000000000000        0.0000000000000000        0.0000000000000000        0.0000000000000000        0.0000000000000000        0.0000000000000000        0.0000000000000000        0.0000000000000000        0.0000000000000000     
 QSM   7.3215425970578896E-002   7.3215425970578896E-002   2.6851223778580737E-010  0.20702533812380244        2.6851178564532322E-010   3.3956819695363477E-013   0.0000000000000000        0.0000000000000000        1.2494239246964124E-012   3.3956819695363477E-013   2.6776579026170041E-010   0.0000000000000000        0.0000000000000000        0.0000000000000000        0.0000000000000000        0.0000000000000000        0.0000000000000000        0.0000000000000000        0.0000000000000000        0.0000000000000000        0.0000000000000000        0.0000000000000000        0.0000000000000000        0.0000000000000000        0.0000000000000000        0.0000000000000000     
 SPE        8748           2        4455
 AVE   5.0000000000000001E-003  -6.2942385554576852     
