 -0.00133680254168032  0.00392215804953635  0.00921235647554107  0.01434595723836410
  0.01949148711756319  0.02466257879939923  0.02974269185465961  0.03499131233868520
  0.04021355997982207  0.04545772266988510  0.05066185112761030  0.05598302862568055
  0.06129690400327387  0.06672976391436537  0.07221500651740367  0.07778001991964399
  0.08368167420874112  0.08999013293173284  0.09648010937358661  0.10301365309074993
  0.10959456392171621  0.11631555509694244  0.12311932204740321  0.12997534575114614
  0.13669165693894111  0.14373346154389194  0.15118521509618593  0.15882176102400392
  0.16650893856706203  0.17467307630567763  0.18311074219721718  0.19160536368951217
  0.20009359444140518  0.20872625980689799  0.21762972238475117  0.22699070273084476
  0.23703470903810847  0.24757268625386294  0.25892383620115894  0.27132022798439154
  0.28468011002657184  0.29901673167460163  0.31447472711119817  0.33200320116798920
  0.35180750302784636  0.37477896687648082  0.40365839244758284  0.45121292598372115
  0.54323754325005580  0.59377576882959782  0.62366924493431897  0.64648425223734407
  0.66571314906469659  0.68256364502136213  0.69761685051781663  0.71151811041191937
  0.72450670836653885  0.73702484967396709  0.74886789919202423  0.75975901688783976
  0.76992553588025292  0.77978502528720084  0.78949382129190859  0.79861197358886060
  0.80727338820255579  0.81568728911899202  0.82391369603456788  0.83194694167598693
  0.83967474638058182  0.84711295758447724  0.85448111217455136  0.86157782320931098
  0.86880215532886895  0.87598652160316937  0.88253436384224826  0.88884696667249230
  0.89491349076111526  0.90100923452518134  0.90709953583183178  0.91318362501967409
  0.91929723815117215  0.92540250443581973  0.93140430512050698  0.93721670105441923
  0.94285495480289305  0.94844833205104184  0.95403989754256358  0.95957774533251394
  0.96501124537666194  0.97038380854020045  0.97571352984650017  0.98084488919841850
  0.98574016161783873  0.99050219164037878  0.99524622265780471  1.00000000000000000
 -0.00249131824819535  0.00968466227825671  0.02007003673861298  0.03128003671331528
  0.04228555798735061  0.05290742040076160  0.06335465620676678  0.07315345166818484
  0.08269837633114850  0.09200009915709786  0.10111146050777230  0.11033416155201595
  0.11947008609154804  0.12892776201208839  0.13875677879665890  0.14906883142068159
  0.15999004308431525  0.17131122184269748  0.18306292036463073  0.19494726495009435
  0.20666187572288705  0.21806410880213842  0.22919904538421551  0.23976926914033625
  0.25017582402790883  0.26018835816813041  0.27031683856837574  0.28048828842623053
  0.29054196096908397  0.30105231633457047  0.31173527261374229  0.32369155140678446
  0.33542682672310709  0.34709489693750634  0.35856263084433737  0.36997743787219550
  0.38126860599873269  0.39232186557767024  0.40318076282414045  0.41386429520762913
  0.42402743596299586  0.43389588341118535  0.44375515343794697  0.45355050135430863
  0.46376382634547625  0.47426580419626801  0.48548162507155296  0.49676893777170594
  0.50784820860989832  0.51892218914528210  0.52969514495618120  0.54049286311082101
  0.55131887389702638  0.56223975270298510  0.57310799800664691  0.58400022451156053
  0.59473743381037281  0.60505505332771337  0.61520448743014089  0.62537701369536036
  0.63554768758219371  0.64564329356133554  0.65569770486931866  0.66605441987518454
  0.67662949368508551  0.68742042283735827  0.69828697211643698  0.70951107439433891
  0.72101655773683837  0.73218157393699623  0.74286432337195818  0.75311028642879696
  0.76337465363184587  0.77379367194052540  0.78439192325751639  0.79524597968630051
  0.80619440531341069  0.81676339685711663  0.82707725066125204  0.83745099742936324
  0.84805922511309861  0.85887815397801437  0.86952099955462192  0.88018802491991976
  0.89072204153669077  0.90113552981995271  0.91144958090191597  0.92141061827629567
  0.93114004742000422  0.94078647782301006  0.95049962848482927  0.96024121201240142
  0.97001294006952177  0.97978961416314125  0.98999045268220642  1.00000000000000000
 -0.00225193212988350  0.01553087987299276  0.02824757428931324  0.03873097641935916
  0.04838163404065376  0.05753363030561275  0.06595794472408201  0.07356705108572519
  0.08102469456664811  0.08854840011254200  0.09596167005445101  0.10341896573372941
  0.11088642871627240  0.11828655140716102  0.12566028534514551  0.13295360509793855
  0.14023290545776015  0.14743897081317153  0.15456034705825619  0.16159576249298072
  0.16842803395390329  0.17507526062881540  0.18170425186184835  0.18832232563777107
  0.19480079409622644  0.20114401434146426  0.20743651402247332  0.21370539662944904
  0.21999944657160608  0.22626875485066064  0.23247332404641141  0.23864598457712707
  0.24491084053388870  0.25121276114287483  0.25758476310782102  0.26396410803321085
  0.27031089844173600  0.27666055640937331  0.28297375943652198  0.28921850633651325
  0.29549126628167566  0.30185535205208069  0.30830445198475964  0.31484548131737566
  0.32144788591890339  0.32804414850404034  0.33466272358531834  0.34125803582280084
  0.34784631712166131  0.35442117176283455  0.36101827031886813  0.36766395818282827
  0.37441108302876813  0.38137856126396041  0.38853468080872017  0.39576587660970697
  0.40304041155597842  0.41035686602274885  0.41769403447756365  0.42504304653495983
  0.43271098616279591  0.44071707295440138  0.44903081708662246  0.45706885448700740
  0.46506102079902928  0.47316871559833645  0.48126089881330375  0.48936049419600924
  0.49759363127936224  0.50614101090197072  0.51493686203465283  0.52392539447865549
  0.53306579921730302  0.54234857022840610  0.55168554319510121  0.56113587115487473
  0.57065292420382996  0.58032451686483955  0.59032807881138150  0.60052125349464269
  0.61125675864653350  0.62252166643893159  0.63415463732181399  0.64611234669630124
  0.65887779765710641  0.67226373974039166  0.68684913472679654  0.70360556121604012
  0.72099063586201639  0.73897795816384482  0.75831678346039644  0.78015922382819203
  0.80583952247169144  0.83869159555840211  0.88747247145752517  1.00000000000000000
 -0.01819602920731661  0.10700167587553454  0.14248822789954649  0.16458252347452831
  0.18228475558503149  0.19745757606754571  0.21077591382149835  0.22280009879366666
  0.23395229171088111  0.24440999616894737  0.25432470808181740  0.26362250637239987
  0.27254693118806583  0.28105659143418027  0.28929434759457728  0.29727594896489817
  0.30525816123093502  0.31303705388175301  0.32051920110973958  0.32786453044152636
  0.33494162819523599  0.34192650972741345  0.34883908334355618  0.35554908214142922
  0.36201800083635666  0.36834683824302822  0.37462503833175037  0.38074030983502388
  0.38667073183175510  0.39258357102388103  0.39850394212916423  0.40448270559858307
  0.41049077671101242  0.41639222589849312  0.42232691139185508  0.42825968455155056
  0.43415726705223001  0.43996183904831909  0.44580511598442901  0.45157008558248607
  0.45728226588941046  0.46304630804849817  0.46883792691077369  0.47463147614359441
  0.48039287160147581  0.48606805337033099  0.49166297337663717  0.49726589183520181
  0.50297140399032547  0.50863384169484782  0.51426816734722114  0.51986698058026559
  0.52566294707014893  0.53149555758710465  0.53730415666126663  0.54314510495051826
  0.54903712199286436  0.55498604125819417  0.56096863510813100  0.56692886364923500
  0.57277213490028511  0.57857713102265096  0.58440328590011559  0.59028022572843464
  0.59629507515989622  0.60237679262794852  0.60839168747229377  0.61440725578920041
  0.62060266273411835  0.62699913330184431  0.63347356632495055  0.64009765807891184
  0.64677112161246486  0.65336179226538993  0.65992666935136368  0.66639497153337746
  0.67303665607316843  0.67994577514953047  0.68718289136243005  0.69490017262783543
  0.70251166348814598  0.71030788258198940  0.71844306474758524  0.72699521042204029
  0.73595023871384269  0.74552073501772587  0.75556190197546813  0.76634025481894230
  0.77763365307986865  0.78972361296325977  0.80308769411406355  0.81825328643051853
  0.83608678084072097  0.85834652557239866  0.89235004576460319  1.00000000000000000
   3.8556967593650219E-004  -1.0000000000000000     
 F F F F F F F F F F F F F F F F
  <DiscreteSampler_grid>
  grouped_processes
  1 # 1 for a reference and 2 for a running grid.
  10 # Attribute 'min_bin_probing_points' of the grid.
  1 # Attribute 'grid_mode' of the grid. 1=='default',2=='initialization'
  0.0000000000000000 # Attribute 'small_contrib_threshold' of the grid.
  0.5000000000000000 # Attribute 'damping_power' of the grid.
 # binID   n_entries weight   weight_sqr   abs_weight
    10   10   4.612648201839498E+006   4.762311889074208E+013   4.612648201839498E+006
  </DiscreteSampler_grid>
