 -0.00403948149848883  0.00266549191117073  0.00533098382234147  0.00799647573351220
  0.01066196764468294  0.01332745955585367  0.01599295146702441  0.01865844337819514
  0.02142726566145480  0.02465416232773210  0.02788105899400939  0.03110795566028668
  0.03433485232656397  0.03756174899284126  0.04078864565911856  0.06409164096304912
  0.06694202762168679  0.06979241428032447  0.07264280093896214  0.07549318759759982
  0.07834357425623749  0.08119396091487517  0.08404434757351285  0.08689473423215056
  0.08974512089078826  0.09259550754942597  0.09544589420806368  0.09829628086670139
  0.10114666752533909  0.10399705418397680  0.10684744084261448  0.10969782750125215
  0.11254821415988983  0.11539860081852750  0.11824898747716518  0.12109937413580285
  0.12394976079444053  0.20261863010802614  0.23371235748597177  0.23951049499067870
  0.24530863249538559  0.25110677000009252  0.25690490750479938  0.26270304500950631
  0.26850118251421323  0.27429932001892016  0.28009745752362714  0.28589559502833412
  0.29224038019744758  0.41514314982519696  0.44015539133044312  0.44340122120332726
  0.44664705107621133  0.44989288094909546  0.45313871082197960  0.45638454069486373
  0.45963037056774786  0.46287620044063199  0.46612203031351618  0.46936786018640031
  0.47261369005928444  0.47585951993216863  0.47910534980505276  0.48147898719916421
  0.48383583078356840  0.48619267436797259  0.48854951795237672  0.49090636153678091
  0.49326320512118510  0.49562004870558923  0.49797689228999342  0.50047242493443256
  0.50380869100963299  0.50714495708483343  0.51048122316003386  0.51381748923523429
  0.51715375531043462  0.52049002138563505  0.52328045387193312  0.52600827557819851
  0.52873609728446391  0.53146391899072920  0.53419174069699460  0.53691956240325989
  0.53964738410952529  0.54261602503895523  0.54627098239474248  0.54992593975052961
  0.55358089710631686  0.55723585446210400  0.56089081181789124  0.63129169111673489
  0.75007645565710213  0.75037974516550698  0.75037974516551698  1.00000000000000000
  0.02135371764500933  0.25241906465555430  0.25483812931110866  0.25725719396666297
  0.25967625862221733  0.26209532327777163  0.26451438793332593  0.26693345258888029
  0.26935251724443460  0.27197300688561182  0.27491140093934763  0.27784979499308338
  0.28078818904681918  0.28372658310055493  0.28666497715429073  0.28960337120802648
  0.32633408558010785  0.44273986907071322  0.55914565256131854  0.56522300816706417
  0.56802681066801453  0.57083061316896488  0.57363441566991535  0.57643821817086571
  0.57924202067181607  0.58204582317276643  0.58484962567371690  0.58765342817466726
  0.59045723067561773  0.59326103317656820  0.59606483567751856  0.59886863817846903
  0.60167244067941938  0.60438570618704079  0.60636952449316939  0.60835334279929798
  0.61033716110542657  0.61232097941155517  0.61430479771768376  0.61628861602381246
  0.61827243432994106  0.62025625263606965  0.62224007094219824  0.62422388924832684
  0.62671729740651250  0.62953818398583250  0.63235907056515239  0.63517995714447240
  0.63800084372379229  0.64082173030311229  0.64364261688243218  0.64646350346175219
  0.64928439004107219  0.65210527662039219  0.65492616319971209  0.65774704977903209
  0.66056793635835209  0.66338882293767210  0.66620970951699210  0.69089371824676149
  0.69604322332459723  0.70119272840243296  0.70634223348026870  0.71149173855810444
  0.71664124363594028  0.72179074871377602  0.72694025379161187  0.73208975886944760
  0.73723926394728334  0.74238876902511919  0.74753827410295492  0.81075788578912644
  0.91692840608138626  0.91983094719372949  0.92273348830607271  0.92563602941841594
  0.92853857053075917  0.93144111164310239  0.93434365275544551  0.93724619386778873
  0.94014873498013196  0.94305127609247519  0.94595381720481841  0.94885635831716164
  0.95175889942950487  0.95466144054184809  0.95756398165419132  0.96046262534343307
  0.96335986339613799  0.96625710144884291  0.96915433950154783  0.97205157755425275
  0.97494881560695767  0.97784605365966260  0.98650849952929276  1.00000000000000000
  0.13474803765614829  0.13659555482562105  0.13844307199509384  0.14029058916456660
  0.14213810633403939  0.14398562350351216  0.14583314067298495  0.14935997744687360
  0.15288698935961756  0.15641400127236152  0.15994101318510551  0.16346802509784947
  0.16717998647109955  0.17269353268124724  0.17820707889139492  0.18372062510154258
  0.18923417131169026  0.19474771752183792  0.20026126373198561  0.20577480994213326
  0.23030220883569474  0.23347098523334792  0.23663976163100109  0.23980853802865426
  0.24297731442630743  0.24614609082396061  0.24931486722161375  0.25248364361926695
  0.25565242001692012  0.25882119641457324  0.26198997281222641  0.26515874920987959
  0.26832752560753276  0.27149630200518593  0.27466507840283916  0.27783385480049233
  0.28100263119814556  0.28417140759579873  0.28734018399345196  0.29050896039110513
  0.36611299609996084  0.37784914521872803  0.38093183951664361  0.38401453381455924
  0.38709722811247482  0.39017992241039040  0.39326261670830603  0.39619782730264513
  0.39839250011812827  0.40058717293361140  0.40278184574909454  0.40497651856457767
  0.40717119138006080  0.40936586419554394  0.41156053701102707  0.41375520982651021
  0.41594988264199334  0.41814455545747647  0.42033922827295961  0.42253390108844269
  0.42472857390392582  0.42692324671940890  0.42911791953489203  0.43131259235037517
  0.43350726516585825  0.43570193798134138  0.43805383312793650  0.44111850640442873
  0.44418317968092097  0.44724785295741321  0.45031252623390544  0.45337719951039768
  0.45644187278688991  0.50007472659641550  0.50278107869126487  0.50548743078611424
  0.50819378288096362  0.51090013497581299  0.51360648707066237  0.51631283916551174
  0.51901919126036111  0.52156225364576936  0.52377329697208053  0.52598434029839181
  0.52819538362470309  0.53040642695101425  0.53261747027732553  0.53482851360363670
  0.53703955692994798  0.53925060025625915  0.54146164358257043  0.64809217389974116
  0.76539478259982230  0.87561447084009936  0.87666309277216592  1.00000000000000000
  0.10659414132436124  0.17161534115529298  0.17656401564391919  0.18151269013254542
  0.18646136462117166  0.19200841427864709  0.19771441212122426  0.20342040996380145
  0.22514966776188766  0.29357936638966564  0.29782767043418445  0.30207597447870332
  0.30632427852322219  0.31057258256774101  0.31482088661225988  0.31906919065677875
  0.32331749470129761  0.32756579874581643  0.33181410279033530  0.33606240683485422
  0.34031071087937309  0.34455901492389202  0.34880731896841088  0.35305562301292981
  0.41737539614255853  0.42056929011232280  0.42376318408208707  0.42695707805185140
  0.43015097202161567  0.43334486599138000  0.43653875996114427  0.43909058009077762
  0.44136596370040598  0.44364134731003435  0.44591673091966277  0.44819211452929114
  0.45046749813891951  0.45274288174854793  0.45501826535817630  0.45729364896780467
  0.45956903257743309  0.46184441618706151  0.46411979979668988  0.46639518340631830
  0.46867056701594673  0.47094595062557509  0.47322133423520352  0.47549671784483194
  0.47777210145446036  0.48039583411228176  0.48357109415161226  0.48674635419094275
  0.48992161423027325  0.49309687426960375  0.49627213430893424  0.49944739434826479
  0.52297961021233086  0.52626251114612410  0.52954541207991745  0.53282831301371070
  0.53611121394750394  0.53939411488129729  0.54267701581509054  0.54595991674888378
  0.54924281768267702  0.55252571861647026  0.55580861955026351  0.55909152048405675
  0.56237442141784999  0.56565732235164323  0.56894022328543659  0.57222312421922983
  0.57550602515302307  0.57878892608681631  0.58207182702060956  0.65783093570770257
  0.66926654870488522  0.67207125475446206  0.67487596080403878  0.67768066685361550
  0.68048537290319233  0.68329007895276905  0.68609478500234589  0.68864382199367846
  0.69093614423532601  0.69322846647697345  0.69552078871862100  0.69781311096026855
  0.70010543320191598  0.70239775544356353  0.70469007768521108  0.70698239992685852
  0.75802028376746278  0.87901014188372406  0.97095036904017129  1.00000000000000000
   1.6384816628784940E-005  -1.0000000000000000     
 F F F F F F F F F F F F F F F F
  <DiscreteSampler_grid>
  grouped_processes
  1 # 1 for a reference and 2 for a running grid.
  10 # Attribute 'min_bin_probing_points' of the grid.
  1 # Attribute 'grid_mode' of the grid. 1=='default',2=='initialization'
  0.0000000000000000 # Attribute 'small_contrib_threshold' of the grid.
  0.5000000000000000 # Attribute 'damping_power' of the grid.
 # binID   n_entries weight   weight_sqr   abs_weight
    10   10   4.955011673348516E+008   3.386825379758365E+017   4.955011673348516E+008
  </DiscreteSampler_grid>
