 -0.00386882448634688  0.00149808437523766  0.00299616875047531  0.00449425312571297
  0.00599233750095063  0.00749042187618829  0.00898850625142594  0.01048659062666360
  0.01198467500190126  0.01348275937713892  0.01498084375237657  0.01647892812761424
  0.01797701250285189  0.01947509687808955  0.02101002291459017  0.02290276397902449
  0.02479550504345880  0.02668824610789311  0.02858098717232742  0.03047372823676173
  0.03236646930119604  0.03425921036563036  0.03615195143006467  0.03804469249449898
  0.03993743355893329  0.04199400768023590  0.04578325311487488  0.04957249854951386
  0.05336174398415285  0.05715098941879183  0.06094023485343081  0.13285720666707687
  0.20985993517095419  0.21399906521710677  0.21813819526325934  0.22227732530941191
  0.22641645535556448  0.23055558540171706  0.23469471544786957  0.23883384549402212
  0.24297297554017463  0.24711210558632718  0.25125123563247970  0.25539036567863227
  0.25952949572478479  0.26366862577093730  0.26780775581708982  0.30300394550987669
  0.42258370837379805  0.54216347123771946  0.60667981592809594  0.61189933154202603
  0.61711884715595611  0.62233836276988619  0.62755787838381627  0.63277739399774635
  0.63799690961167643  0.64321642522560651  0.64843594083953671  0.65365545645346679
  0.65887497206739698  0.66409448768132706  0.72731748365492332  0.75267376563542931
  0.75597342865089134  0.75927309166635348  0.76257275468181551  0.76587241769727754
  0.76917208071273957  0.77247174372820171  0.77577140674366374  0.77907106975912588
  0.78237073277458791  0.78567039579005005  0.78897005880551219  0.79226972182097422
  0.79556938483643624  0.79886904785189838  0.80216871086736041  0.80546837388282244
  0.80876803689828447  0.81206769991374661  0.85620371724839128  0.86011702726672024
  0.86403033728504919  0.86794364730337814  0.87185695732170698  0.87564825455649276
  0.87894168388744665  0.88223511321840054  0.88552854254935442  0.88882197188030831
  0.89211540121126220  0.89540883054221609  0.93253207604090371  1.00000000000000000
  0.03499072392781583  0.03623188539783369  0.03747304686785156  0.03871420833786943
  0.03995536980788730  0.04119653127790518  0.04450915414076976  0.04908485659446185
  0.05366055904815395  0.05823626150184605  0.07139804470644895  0.20190929215529810
  0.33242053960414725  0.37746119893167540  0.38111419125172386  0.38476718357177236
  0.38842017589182082  0.39207316821186927  0.39572616053191773  0.39937915285196623
  0.40303214517201474  0.40668513749206325  0.41033812981211176  0.41399112213216027
  0.41764411445220878  0.42129710677225723  0.42495009909230569  0.42860309141235414
  0.43225608373240265  0.43590907605245111  0.51117196315818314  0.56397414694681480
  0.56640386349249150  0.56883358003816831  0.57126329658384500  0.57369301312952170
  0.57612272967519851  0.57855244622087521  0.58098216276655190  0.58341187931222860
  0.58584159585790541  0.58827131240358221  0.59070102894925891  0.59313074549493572
  0.59556046204061242  0.59799017858628922  0.60041989513196592  0.60284961167764273
  0.60527932822331942  0.60770904476899623  0.61013876131467293  0.61256847786034962
  0.61499819440602632  0.61742791095170313  0.61985762749737983  0.62228734404305652
  0.62471706058873333  0.70936034458379793  0.71355161356028207  0.71774288253676610
  0.72193415151325013  0.72612542048973427  0.73031668946621831  0.73450795844270234
  0.73869922741918637  0.74289049639567040  0.74708176537215443  0.75127303434863846
  0.75546430332512249  0.75965557230160652  0.76384684127809055  0.76803811025457458
  0.79266607047386206  0.79842779550770704  0.80418952054155202  0.80995124557539699
  0.81571297060924197  0.82147469564308695  0.82723642067693193  0.83299814571077702
  0.83875987074462199  0.84452159577846708  0.85028332081231206  0.87572003239363350
  0.88004763860392776  0.88437524481422214  0.88870285102451640  0.89303045723481067
  0.89711796335542382  0.90076409903452404  0.90441023471362425  0.90805637039272447
  0.91170250607182468  0.91534864175092490  0.93146318594614663  1.00000000000000000
  0.02873533566792808  0.03023527569439598  0.03173521572086388  0.03323515574733177
  0.03473509577379967  0.03623503580026757  0.03773497582673546  0.03923491585320336
  0.04073485587967125  0.04277371415874110  0.04569647315298905  0.04861923214723700
  0.05154199114148495  0.05446475013573290  0.05738750912998085  0.06031026812422879
  0.06336574819060667  0.06681769866701974  0.07026964914343282  0.07372159961984590
  0.07717355009625898  0.08062550057267205  0.10706887667534512  0.21717769200517836
  0.25133874100828929  0.25324602329518620  0.25515330558208310  0.25706058786898006
  0.25896787015587697  0.26087515244277393  0.26278243472967083  0.26468971701656774
  0.26659699930346470  0.26850428159036160  0.27041156387725857  0.27231884616415547
  0.27422612845105243  0.27613341073794939  0.27804069302484635  0.27994797531174331
  0.28185525759864022  0.28376253988553718  0.28566982217243414  0.28757710445933110
  0.28948438674622801  0.29139166903312497  0.29329895132002193  0.29520623360691883
  0.29711351589381574  0.29902079818071270  0.30092808046760960  0.30283536275450657
  0.30474264504140347  0.30664992732830043  0.30855720961519734  0.31046449190209424
  0.31237177418899120  0.41520624454003280  0.52531505986986604  0.63542387519969934
  0.74553269052953275  0.81371397125257650  0.81681235490430659  0.81991073855603669
  0.82300912220776679  0.82610750585949677  0.82920588951122687  0.83230427316295696
  0.83540265681468706  0.83850104046641716  0.84159942411814725  0.84469780776987735
  0.84779619142160745  0.85089457507333754  0.85399295872506764  0.85709134237679774
  0.86018972602852783  0.86328810968025782  0.86638649333198792  0.86948487698371801
  0.87258326063544811  0.87580418991321229  0.87945959923278327  0.88311500855235436
  0.88677041787192534  0.89042582719149632  0.89408123651106730  0.89645448922679472
  0.89764745099480714  0.89884041276281967  0.90003337453083221  0.90122633629884463
  0.90241929806685717  0.90361225983486970  0.90390235582987466  1.00000000000000000
  0.15436917146046961  0.15643984546259834  0.15851051946472708  0.16058119346685581
  0.16265186746898455  0.16472254147111329  0.16692175303931250  0.17109564242183020
  0.17526953180434787  0.17944342118686557  0.18361731056938327  0.19654311822796711
  0.32616187300510940  0.35701905019035701  0.36065755021957063  0.36429605024878425
  0.36793455027799787  0.37157305030721149  0.37521155033642517  0.37885005036563879
  0.38248855039485241  0.38612705042406603  0.38976555045327965  0.39340405048249327
  0.39704255051170695  0.40068105054092062  0.40431955057013430  0.40795805059934792
  0.41159655062856160  0.41523505065777527  0.41943017576955588  0.42398638618161283
  0.42854259659366983  0.43309880700572684  0.43765501741778384  0.44221122782984085
  0.44676743824189785  0.45132364865395480  0.45587985906601181  0.46043606947806881
  0.46499227989012587  0.46954849030218293  0.47410470071423999  0.47866091112629700
  0.58354001668821964  0.58596139865660224  0.58838278062498484  0.59080416259336743
  0.59322554456175003  0.59564692653013274  0.59806830849851533  0.60048969046689793
  0.60291107243528053  0.60533245440366312  0.60775383637204572  0.61017521834042832
  0.61259660030881080  0.61501798227719340  0.61743936424557599  0.61986074621395859
  0.62228212818234119  0.62470351015072378  0.62712489211910638  0.62954627408748898
  0.63196765605587146  0.63438903802425406  0.63681041999263666  0.63923180196101925
  0.64165318392940185  0.64407456589778445  0.66715330894774905  0.67146279082473048
  0.67577227270171203  0.68008175457869346  0.68439123645567490  0.68870071833265645
  0.69301020020963788  0.69731968208661932  0.70162916396360087  0.70593864584058230
  0.71024812771756385  0.71455760959454540  0.71886709147152683  0.72317657334850838
  0.72748605522548992  0.73266544072977657  0.73840094720863025  0.74413645368748393
  0.74987196016633773  0.75483844252083054  0.75978736512379985  0.76473628772676927
  0.76968521032973869  0.87038124522284677  0.93591982523600259  1.00000000000000000
   8.5430647420469466E-006  -1.0000000000000000     
 F F F F F F F F F F F F F F F F
  <DiscreteSampler_grid>
  grouped_processes
  1 # 1 for a reference and 2 for a running grid.
  10 # Attribute 'min_bin_probing_points' of the grid.
  1 # Attribute 'grid_mode' of the grid. 1=='default',2=='initialization'
  0.0000000000000000 # Attribute 'small_contrib_threshold' of the grid.
  0.5000000000000000 # Attribute 'damping_power' of the grid.
 # binID   n_entries weight   weight_sqr   abs_weight
    10   10   3.140689840022523E+008   1.207924370207008E+017   3.140689840022523E+008
  </DiscreteSampler_grid>
