 -0.00067763105613448  0.00941558926453119  0.01687058076775842  0.02480913828486106
  0.03301884384803382  0.04151188474105599  0.05032749101001079  0.05941678085937618
  0.06849657912399801  0.07748181140944117  0.08658642368723247  0.09586713747705825
  0.10523878064338718  0.11450984313010351  0.12389356134683027  0.13355551904908181
  0.14342546935716979  0.15332633894875028  0.16337175256888595  0.17376342387040969
  0.18452332439914598  0.19550669542834245  0.20654216475563114  0.21748351885224529
  0.22840779590663030  0.23933522041644958  0.25034096659837757  0.26138319695662160
  0.27252884008111522  0.28368710190213858  0.29485270856687862  0.30610781027230999
  0.31770999569418479  0.32967117583451733  0.34162351220987480  0.35352151668371351
  0.36543379633091183  0.37746432165524768  0.38930193398322249  0.40123057605245094
  0.41314860581386714  0.42558225555463119  0.43823694419959103  0.45051879650131460
  0.46246571200054554  0.47424762476182808  0.48592134514742263  0.49772410970804604
  0.50979712832649116  0.52221454304864878  0.53474491626087828  0.54729826984335106
  0.55949609094476493  0.57103858865508550  0.58254282964776471  0.59418585170357174
  0.60602565402878183  0.61784201970965591  0.62964578055437770  0.64150027051742942
  0.65334773202676932  0.66535693369926929  0.67724498239397912  0.68882083132535199
  0.70017195793356168  0.71178984259057476  0.72369328661258814  0.73537586094069041
  0.74648413461212015  0.75716731781023394  0.76775302666429890  0.77818184276238400
  0.78851305846749331  0.79844891950127461  0.80808180251539430  0.81769271075550076
  0.82730953205172464  0.83702578093159419  0.84686407180096934  0.85672654791090164
  0.86657711791545566  0.87630726785225077  0.88591705693693112  0.89543596326865160
  0.90484018899370955  0.91404637513175302  0.92308170554905977  0.93197495909776173
  0.94066042278167417  0.94926955546331659  0.95790007301246727  0.96662031499040380
  0.97525586897543959  0.98374423968977465  0.99189388673958567  1.00000000000000000
 -0.00252540615688328  0.00937753696107762  0.01924760804440907  0.02964747897682868
  0.03982132097624221  0.05002623504466928  0.05997194892119553  0.07048704257489224
  0.08122628820760860  0.09215813314991647  0.10307734220567562  0.11381997712809112
  0.12443384802711926  0.13500889438517125  0.14564879282722976  0.15630845383640232
  0.16685877444907340  0.17778087738809997  0.18893449157304226  0.20014383581266576
  0.21097656616364147  0.22197638755729560  0.23295978195838096  0.24359962883272079
  0.25381924431273123  0.26411183225152007  0.27445366189950565  0.28480513749621539
  0.29497714833332928  0.30512863755198677  0.31507281509546481  0.32480983286793991
  0.33469076926050501  0.34497545824219789  0.35521816390537014  0.36542876002722335
  0.37564373667122553  0.38601350316286598  0.39635469707078852  0.40632231590812762
  0.41620677812277357  0.42631566771396068  0.43645446541960597  0.44694469597539754
  0.45758264721949854  0.46845738415190102  0.47931800922897350  0.49023030104669285
  0.50128973316585856  0.51226518167041490  0.52314497550902661  0.53375363413866328
  0.54440289350802362  0.55516071577106429  0.56639359075942908  0.57753681473582275
  0.58817442973553014  0.59846746843076482  0.60869849044746493  0.61895517366277264
  0.62917495073347895  0.63934968620168464  0.64961785046654941  0.66007694040566089
  0.67049098443258115  0.68121823562229034  0.69186281893363322  0.70285851593767168
  0.71384585016980517  0.72471210751517257  0.73568665172113934  0.74639590542938150
  0.75704203325442421  0.76761892046348901  0.77835874657653115  0.78950174252459482
  0.80075588294705935  0.81144581422303863  0.82165155591485683  0.83173406414738815
  0.84225250383801997  0.85281470373537671  0.86325202778826360  0.87351439671373765
  0.88399731044431040  0.89463049204189582  0.90543883013742255  0.91621744076283540
  0.92720456138409579  0.93798958666582588  0.94854478538856768  0.95899040419172199
  0.96924715676941520  0.97951494652421534  0.98972719028752709  1.00000000000000000
 -0.00381584648700117  0.02697877683163855  0.05030780160792526  0.06999094061264098
  0.08770951725988817  0.10428922942919326  0.12002775052929497  0.13466674890826569
  0.14851858270484786  0.16194376834810942  0.17493909047052350  0.18754098750187684
  0.20010991152485139  0.21283133526634374  0.22521954071338904  0.23686210866735100
  0.24807081591086527  0.25977657274291760  0.27142920954976796  0.28254830086402655
  0.29335471732211449  0.30430845456131611  0.31526630952205104  0.32603258672852620
  0.33673552559407205  0.34742784909496993  0.35811082352043788  0.36876461355357959
  0.37931817244832594  0.38968421022253796  0.39984274614807341  0.40993518817467445
  0.42007226347519938  0.43018561316228704  0.44000507783259807  0.44947619423430263
  0.45889919579475758  0.46855098139147783  0.47830439087313686  0.48788166258544952
  0.49725249830814372  0.50650171341301820  0.51585779457085068  0.52535150197868208
  0.53488125329316027  0.54426497557327724  0.55331497131688112  0.56234341392599296
  0.57160594281306210  0.58107293287241379  0.59035982752871752  0.59945079599971274
  0.60818737662093147  0.61684068320220087  0.62548750551322130  0.63415161229659744
  0.64284217295117585  0.65162969370401280  0.66022460356614288  0.66880089572475732
  0.67737201206272091  0.68611337414531337  0.69491334619056377  0.70359471547103780
  0.71224493786875387  0.72103150395464033  0.72994544497200675  0.73881802594466972
  0.74753268694964559  0.75608918834833982  0.76452333325302524  0.77296929440143347
  0.78118083043573627  0.78920573710112185  0.79746556123302104  0.80576064052987995
  0.81427694795516403  0.82288071370453875  0.83152556751729556  0.84005298481534196
  0.84840739894666550  0.85669255694037549  0.86481447531940003  0.87301008250541434
  0.88115363167886041  0.88927662206884450  0.89747151516195989  0.90595666297756294
  0.91472685121324693  0.92401858316784191  0.93350547466056466  0.94325053041908447
  0.95342798585782484  0.96490530002710928  0.97965366969003131  1.00000000000000000
 -0.02212033984276383  0.14652509049278764  0.19808428172735423  0.23291388866209081
  0.26083097493032165  0.28432392359374209  0.30479913578387785  0.32326067448431617
  0.34042766312339628  0.35647029201903990  0.37099232803823268  0.38457847695671604
  0.39730513789091831  0.40943092893312588  0.42092543110777658  0.43183874816099138
  0.44215659348225150  0.45204295298301933  0.46144647532993843  0.47047221492849156
  0.47930704282793579  0.48792122358243439  0.49625253489493659  0.50425936857597631
  0.51204455722509834  0.51960951325589777  0.52695809604488264  0.53414153467053194
  0.54121397029304286  0.54814351370047953  0.55492235480253460  0.56156468761414080
  0.56797548580798585  0.57419410328227150  0.58035866324797869  0.58637870841550044
  0.59228562551111030  0.59811149385805196  0.60380328180744414  0.60938667868122254
  0.61487034319984080  0.62034357091709147  0.62576504819358714  0.63113907522631196
  0.63649756888543663  0.64186936177209752  0.64721775026611228  0.65252020413136813
  0.65775443079110796  0.66289880871902174  0.66797631544270097  0.67300544366288029
  0.67801344457347423  0.68301844602873951  0.68801856127232663  0.69285820517195007
  0.69768649541480809  0.70251977670130461  0.70735946792668214  0.71220475652443893
  0.71703944613574111  0.72184722413342706  0.72659780718868916  0.73123369592476972
  0.73583336327707560  0.74045781955917034  0.74513793011510943  0.74990665249458066
  0.75475602590566793  0.75963251201423010  0.76448530635175183  0.76931784227782141
  0.77418265194029712  0.77909712679294485  0.78405322890383755  0.78898532738575344
  0.79411660124558792  0.79940549509507930  0.80478575802095609  0.81029562427966495
  0.81596646323534483  0.82175930677808862  0.82762717051487311  0.83361088442359021
  0.83986508366047941  0.84626741755090729  0.85287740084424812  0.85986334047946211
  0.86740625013733164  0.87533232598457045  0.88433766688231330  0.89414003665559882
  0.90600706894918781  0.92108416904688195  0.94426391956921807  1.00000000000000000
   3.0341647761187648E-011  -1.0000000000000000     
 F F F F F F F F F F F F F F F F
  <DiscreteSampler_grid>
  grouped_processes
  1 # 1 for a reference and 2 for a running grid.
  10 # Attribute 'min_bin_probing_points' of the grid.
  1 # Attribute 'grid_mode' of the grid. 1=='default',2=='initialization'
  0.0000000000000000 # Attribute 'small_contrib_threshold' of the grid.
  0.5000000000000000 # Attribute 'damping_power' of the grid.
 # binID   n_entries weight   weight_sqr   abs_weight
    10   10   -2.520355725634622E+001   7.377126307117780E+002   2.520355725634622E+001
  </DiscreteSampler_grid>
