  0.00000685050711052  0.00001231697100870  0.00001681461411298  0.00002111766834258
  0.00002530157976584  0.00002946779080954  0.00003377147118935  0.00003821495354081
  0.00004270673476954  0.00004725266274352  0.00005186029096597  0.00005653166488832
  0.00006124293221924  0.00006591096341758  0.00007065456576502  0.00007552060708539
  0.00008051686682821  0.00008565237051880  0.00009101741614360  0.00009665369813817
  0.00010225234923034  0.00010792536377712  0.00011365411737242  0.00011948355439435
  0.00012546060834975  0.00013156349902627  0.00013786909382894  0.00014419309728348
  0.00015071940688771  0.00015738256195092  0.00016420540110291  0.00017120978046760
  0.00017842096018074  0.00018568896330064  0.00019325506300187  0.00020113881614298
  0.00020930006334492  0.00021775962288085  0.00022650539366902  0.00023564216788332
  0.00024530733576834  0.00025531480863827  0.00026551520730751  0.00027598333597336
  0.00028664806591020  0.00029780758358198  0.00030952915030690  0.00032156677531093
  0.00033472472131817  0.00034801704354993  0.00036197970207064  0.00037638418037629
  0.00039144146941063  0.00040741538317723  0.00042423419353924  0.00044136205115746
  0.00045942392512064  0.00047737057503754  0.00049752877229211  0.00051806282000544
  0.00054040396011971  0.00056376071308831  0.00058838803894102  0.00061514919664101
  0.00064279530660222  0.00067352208750114  0.00070537646674589  0.00074163560380675
  0.00077991466887964  0.00082155297084618  0.00086531610565226  0.00091066683521471
  0.00095840445873808  0.00100951249772706  0.00106708876060933  0.00113164907796098
  0.00120253764627628  0.00127874078439634  0.00136179522180012  0.00145224401372725
  0.00155742333806153  0.00167406232941942  0.00181059920641439  0.00197051316256556
  0.00216062334458111  0.00236891143546257  0.00260866503137411  0.00288226251258778
  0.00321488349580822  0.00363659442342457  0.00417084820549032  0.00490815357333721
  0.00601745463349840  0.00748260993074435  0.06295999678501395  1.00000000000000000
 -0.00237824913743673  0.00995210364886927  0.02090587877086248  0.03216941400257528
  0.04360398399325260  0.05473502625433831  0.06575284445207788  0.07635723337407986
  0.08676726765016456  0.09719672961470840  0.10779075699086930  0.11862464572924086
  0.12918546794845387  0.13964445837290232  0.15006103262371071  0.16042104870159368
  0.17094267331070817  0.18143576866916486  0.19206765591787775  0.20256553849101600
  0.21299080800135051  0.22338734106687538  0.23376501779802819  0.24454058056214803
  0.25538617133478142  0.26636321286115083  0.27708540800067083  0.28782275517815181
  0.29832520391153011  0.30900113520370415  0.31961439185155577  0.33064019430388858
  0.34141644912716984  0.35238689033309878  0.36286953464034527  0.37345474641629045
  0.38375600906872431  0.39447951750878141  0.40475531230008094  0.41521516014937954
  0.42566851256329641  0.43610370776593776  0.44630880887266872  0.45662862284681610
  0.46738389149511900  0.47840358134742933  0.48912918574562442  0.49981718327537189
  0.51065507397711052  0.52140075452788415  0.53158106638323810  0.54155252420914768
  0.55149847066114710  0.56138526486779461  0.57131881051425715  0.58114856838723061
  0.59103227049331719  0.60089543320438876  0.61077249620563689  0.62087621250750136
  0.63106403931365518  0.64141335331144966  0.65182249481088650  0.66198138075786250
  0.67194988996084393  0.68192044953664233  0.69235473785935964  0.70321403686777861
  0.71454736606483982  0.72600448008562024  0.73756448146948195  0.74876152618279535
  0.75965114063676775  0.77023155273963451  0.78064438760229582  0.79106150692781951
  0.80168267234825841  0.81232568790630155  0.82311879261964127  0.83372525853051405
  0.84441619855124916  0.85494621469714638  0.86538792471897630  0.87585819851118296
  0.88647427418944047  0.89716001082513952  0.90768929941285648  0.91833824718821688
  0.92871324745492290  0.93933702978282263  0.94942589469583494  0.95958816630911270
  0.96975280661288987  0.97981921983441700  0.98996368449802996  1.00000000000000000
 -0.00365056212220825  0.02513011112025393  0.04575326857012359  0.06341661000567810
  0.07936002489298442  0.09394604204733092  0.10734125006373993  0.12024613923562343
  0.13248228626434824  0.14464133918122837  0.15644973402049411  0.16812186747733962
  0.17904453436029713  0.18988024844442875  0.20008405917026162  0.20999535931542787
  0.21977306134327995  0.22941633932320332  0.23898413542840566  0.24846408253169408
  0.25795492605310144  0.26766163394169890  0.27691689756902338  0.28609130886573780
  0.29530188253442785  0.30466106938049775  0.31387725712433490  0.32280700320687078
  0.33160247444821761  0.34018494952507089  0.34865852702767741  0.35696657123709435
  0.36504106038145573  0.37307170863022293  0.38115012622101740  0.38923453446687417
  0.39733856543976748  0.40544048058163185  0.41348738860609707  0.42143486805512270
  0.42927770791929398  0.43716405552652643  0.44518816829691876  0.45323811421162641
  0.46116970301298277  0.46898144755004650  0.47693097559923570  0.48477516927898379
  0.49241046391541582  0.50002039680482369  0.50768191489123682  0.51538689094652801
  0.52319040140733619  0.53107355228852460  0.53899371486484493  0.54683875906845125
  0.55458511471440053  0.56229664496700371  0.57001009799909397  0.57779429534029647
  0.58551471171891578  0.59321262398300445  0.60081435598204269  0.60872718394500525
  0.61686556490490219  0.62513579525834306  0.63339176631280447  0.64155588335173586
  0.64984301930913002  0.65851509204812697  0.66735739907731451  0.67583294470854627
  0.68438622871667032  0.69275074684244253  0.70110345261574980  0.70968100848049753
  0.71847823171487257  0.72748359728279044  0.73670539024747395  0.74569324839109186
  0.75506011011843888  0.76473215336154365  0.77460731694411267  0.78441366069586038
  0.79439553926086115  0.80468840821433796  0.81569413009118541  0.82740246925046634
  0.83998290082688121  0.85329194146948817  0.86806656416576278  0.88400041696429021
  0.90182551285273593  0.92227974536661428  0.95042772221755678  1.00000000000000000
 -0.01838314833298733  0.11218177314335620  0.14666797404824641  0.16812310520918880
  0.18505801054357543  0.19966363246819352  0.21262779997488157  0.22453766700704461
  0.23573451135868875  0.24645560183424767  0.25635322006115430  0.26559901662381002
  0.27440365052139354  0.28296964203865588  0.29141234758751533  0.29945502747533609
  0.30720539042687145  0.31475067476328811  0.32225561992734481  0.32960089498446871
  0.33668855007401138  0.34345111417403246  0.35016341531161183  0.35672591910073986
  0.36311823880471261  0.36943875309193425  0.37553319185628642  0.38140225424539892
  0.38716443820091001  0.39293484046657318  0.39868506996648923  0.40443472840929723
  0.41016055537784468  0.41584466675950255  0.42153329380577059  0.42717528479687561
  0.43276311339618029  0.43832938981005420  0.44402229438131346  0.44984983885061081
  0.45567349494934084  0.46149511171583940  0.46717330225189763  0.47284512272443213
  0.47853173304609997  0.48428108528642660  0.49008761742742990  0.49591162586554199
  0.50170058957989971  0.50726861970575909  0.51280758562253914  0.51840173527932742
  0.52409564319325219  0.52978275282944354  0.53545959119023923  0.54111905039975361
  0.54678304511419873  0.55251049714484324  0.55829849617543081  0.56409730524816148
  0.56991340523789857  0.57572783562257857  0.58152468961847603  0.58740327396330783
  0.59334596750050272  0.59923176239153375  0.60526059084494310  0.61143496615168635
  0.61779851488568938  0.62433429845001664  0.63101353765675494  0.63775245856179918
  0.64447661221014896  0.65117019067974569  0.65781320198606119  0.66453824583545229
  0.67141377314359263  0.67841900011686429  0.68561095447570342  0.69307286687956360
  0.70082441945604990  0.70881629503158727  0.71710327324129575  0.72567089711456134
  0.73460396178062459  0.74397687819287273  0.75379119908898584  0.76438738359204628
  0.77562072684048033  0.78775386435635186  0.80081760189007656  0.81542967724042703
  0.83251482124270071  0.85440433982423658  0.89081635176634311  1.00000000000000000
   1.0731499019674993E-002  -1.0000000000000000     
 F F F F F F F F F F F F F F F F
  <DiscreteSampler_grid>
  grouped_processes
  1 # 1 for a reference and 2 for a running grid.
  10 # Attribute 'min_bin_probing_points' of the grid.
  1 # Attribute 'grid_mode' of the grid. 1=='default',2=='initialization'
  0.0000000000000000 # Attribute 'small_contrib_threshold' of the grid.
  0.5000000000000000 # Attribute 'damping_power' of the grid.
 # binID   n_entries weight   weight_sqr   abs_weight
    10   10   2.807772088036896E+008   1.614210058108824E+017   2.807772088036896E+008
    16   10   2.807772088036896E+008   1.614210058108823E+017   2.807772088036896E+008
  </DiscreteSampler_grid>
