     
 Soft #          32
 ME*wgt:
   1.0213416707032810        1.4343790616774162E-010   1.4044066768466656E-010
  0.99997111603747646        1.4043661120168436E-010   1.4044066768466656E-010
  0.99997784914543664        1.4043755680386189E-010   1.4044066768466656E-010
  0.99999759355198103        1.4044032972150003E-010   1.4044066768466656E-010
  0.99999975874502645        1.4044063380265699E-010   1.4044066768466656E-010
  0.99999989525653887        1.4044065297442494E-010   1.4044066768466656E-010
   1.0000001897935118        1.4044069433939407E-010   1.4044066768466656E-010
  0.99999123683175428        1.4043943697946709E-010   1.4044066768466656E-010
   1.0000143170080813        1.4044267837484074E-010   1.4044066768466656E-010
  0.99996796754295136        1.4043616902501106E-010   1.4044066768466656E-010
 wgt:
   1.1111111111111112        1.8460747801991775E-006   1.6614673021792596E-006
   1.0101010101010102        1.6782498001810703E-006   1.6614673021792596E-006
   1.0010010010010013        1.6631304326118719E-006   1.6614673021792596E-006
   1.0001000100010002        1.6616334655258123E-006   1.6614673021792596E-006
   1.0000100001000014        1.6614839170184303E-006   1.6614673021792596E-006
   1.0000010000010000        1.6614689636482232E-006   1.6614673021792596E-006
   1.0000001000000098        1.6614674683260063E-006   1.6614673021792596E-006
   1.0000000100000002        1.6614673187939328E-006   1.6614673021792596E-006
   1.0000000010000001        1.6614673038407270E-006   1.6614673021792596E-006
   1.0000000001000000        1.6614673023454063E-006   1.6614673021792596E-006
     
 Soft #          56
 ME*wgt:
   1.0192336731832201        1.4908694096244609E-009   1.4627356305529539E-009
   1.0001592769206411        1.4629686105799003E-009   1.4627356305529539E-009
  0.99999991477603700        1.4627355058928267E-009   1.4627356305529539E-009
  0.99999983283128646        1.4627353860293203E-009   1.4627356305529539E-009
  0.99999997992894107        1.4627356011943008E-009   1.4627356305529539E-009
  0.99999997818699282        1.4627355986462911E-009   1.4627356305529539E-009
  0.99999986527907125        1.4627354334918513E-009   1.4627356305529539E-009
  0.99999808054866779        1.4627328229030993E-009   1.4627356305529539E-009
   1.0000301668816669        1.4627797567256307E-009   1.4627356305529539E-009
  0.99974931365960118        1.4623689427107596E-009   1.4627356305529539E-009
 wgt:
   1.1111111111111112        1.6560111630724135E-005   1.4904100467651720E-005
   1.0101010101010102        1.5054646937021940E-005   1.4904100467651720E-005
   1.0010010010010013        1.4919019487138862E-005   1.4904100467651720E-005
   1.0001000100010000        1.4905591026754393E-005   1.4904100467651720E-005
   1.0000100001000012        1.4904249510146825E-005   1.4904100467651720E-005
   1.0000010000009998        1.4904115371767090E-005   1.4904100467651720E-005
   1.0000001000000098        1.4904101958061914E-005   1.4904100467651720E-005
   1.0000000099999999        1.4904100616692724E-005   1.4904100467651720E-005
   1.0000000010000001        1.4904100482555820E-005   1.4904100467651720E-005
   1.0000000001000000        1.4904100469142130E-005   1.4904100467651720E-005
     
 Soft #          99
 ME*wgt:
   1.0200652788718994        8.3004829435907556E-009   8.1372076037823234E-009
   1.0001584733490372        8.1384971343231062E-009   8.1372076037823234E-009
  0.99999926648533122        8.1372016350211828E-009   8.1372076037823234E-009
  0.99999976248504241        8.1372056710738047E-009   8.1372076037823234E-009
  0.99999997475555047        8.1372073983629966E-009   8.1372076037823234E-009
  0.99999999787242377        8.1372075864697938E-009   8.1372076037823234E-009
   1.0000000043338986        8.1372076390481563E-009   8.1372076037823234E-009
   1.0000001333276529        8.1372086886971136E-009   8.1372076037823234E-009
   1.0000001591684813        8.1372088989692990E-009   8.1372076037823234E-009
  0.99998335356917079        8.1370721483188044E-009   8.1372076037823234E-009
 wgt:
   1.1111111111111114        9.0595410297094107E-005   8.1535869267384674E-005
   1.0101010101010102        8.2359463906449173E-005   8.1535869267384674E-005
   1.0010010010010013        8.1617486754138841E-005   8.1535869267384674E-005
   1.0001000100010000        8.1544023669751642E-005   8.1535869267384674E-005
   1.0000100001000012        8.1536684634231035E-005   8.1535869267384674E-005
   1.0000010000010002        8.1535950803335490E-005   8.1535869267384674E-005
   1.0000001000000101        8.1535877420972424E-005   8.1535869267384674E-005
   1.0000000100000002        8.1535870082743373E-005   8.1535869267384674E-005
   1.0000000010000001        8.1535869348920554E-005   8.1535869267384674E-005
   1.0000000001000002        8.1535869275538281E-005   8.1535869267384674E-005
     
 Soft #          85
 ME*wgt:
   1.0217347366331120        4.7686714991570855E-009   4.6672304739986896E-009
   1.0001749195859628        4.6680468640207942E-009   4.6672304739986896E-009
  0.99999972627475697        4.6672291964598936E-009   4.6672304739986896E-009
  0.99999979687026497        4.6672295259454001E-009   4.6672304739986896E-009
  0.99999997779064420        4.6672303703425074E-009   4.6672304739986896E-009
  0.99999999753230318        4.6672304624813799E-009   4.6672304739986896E-009
   1.0000000015931001        4.6672304814340548E-009   4.6672304739986896E-009
   1.0000001306598632        4.6672310838183849E-009   4.6672304739986896E-009
   1.0000010190906008        4.6672352303293971E-009   4.6672304739986896E-009
  0.99998480244821775        4.6671595435218814E-009   4.6672304739986896E-009
 wgt:
   1.1111111111111112        7.2419014639532397E-005   6.5177113175579154E-005
   1.0101010101010099        6.5835467854120350E-005   6.5177113175579154E-005
   1.0010010010010013        6.5242355531110286E-005   6.5177113175579154E-005
   1.0001000100010000        6.5183631538733028E-005   6.5177113175579154E-005
   1.0000100001000014        6.5177764953228706E-005   6.5177113175579154E-005
   1.0000010000010000        6.5177178352757506E-005   6.5177113175579154E-005
   1.0000001000000098        6.5177119693291116E-005   6.5177113175579154E-005
   1.0000000099999999        6.5177113827350285E-005   6.5177113175579154E-005
   1.0000000010000001        6.5177113240756266E-005   6.5177113175579154E-005
   1.0000000001000002        6.5177113182096876E-005   6.5177113175579154E-005
     
 Soft #          94
 ME*wgt:
   1.0183140710226843        4.4541604872839683E-010   4.3740537561370351E-010
   1.0001548830604055        4.3747312229691635E-010   4.3740537561370351E-010
   1.0000001830162630        4.3740545566600081E-010   4.3740537561370351E-010
  0.99999986649694106        4.3740531721874786E-010   4.3740537561370351E-010
  0.99999999052518485        4.3740537146936843E-010   4.3740537561370351E-010
  0.99999997862609813        4.3740536626464394E-010   4.3740537561370351E-010
   1.0000000529386299        4.3740539876934480E-010   4.3740537561370351E-010
  0.99999052320635029        4.3740123041321757E-010   4.3740537561370351E-010
  0.99995043487353519        4.3738369556094484E-010   4.3740537561370351E-010
  0.99981687763883831        4.3732527690853632E-010   4.3740537561370351E-010
 wgt:
   1.1111111111111112        9.6301683533440398E-006   8.6671515180096362E-006
   1.0101010101010099        8.7546985030400354E-006   8.6671515180096362E-006
   1.0010010010010011        8.6758273453549919E-006   8.6671515180096362E-006
   1.0001000100010000        8.6680183198416195E-006   8.6671515180096362E-006
   1.0000100001000010        8.6672381903915406E-006   8.6671515180096362E-006
   1.0000010000009998        8.6671601851698196E-006   8.6671515180096362E-006
   1.0000001000000098        8.6671523847248729E-006   8.6671515180096362E-006
   1.0000000099999999        8.6671516046811509E-006   8.6671515180096362E-006
   1.0000000009999999        8.6671515266767873E-006   8.6671515180096362E-006
   1.0000000001000000        8.6671515188763508E-006   8.6671515180096362E-006
     
 Collinear #          14
 ME*wgt:
   1.0908138388664783        5.8330135903056254E-012   5.3473960289750404E-012
   1.0069569292221627        5.3845974846714939E-012   5.3473960289750404E-012
   1.0001263981426878        5.3480719299013187E-012   5.3473960289750404E-012
  0.99983356862275374        5.3465060544892568E-012   5.3473960289750404E-012
  0.99992730682654207        5.3470073097879578E-012   5.3473960289750404E-012
  0.99999344533294576        5.3473609785744636E-012   5.3473960289750404E-012
  0.99990408436192035        5.3468831300728565E-012   5.3473960289750404E-012
   1.0025542743452669        5.3610547454658333E-012   5.3473960289750404E-012
   1.0295900022902378        5.5056254897192198E-012   5.3473960289750404E-012
   1.0673708347629662        5.7076545632552595E-012   5.3473960289750404E-012
 wgt:
   1.0000004688183066        1.0750877311782343E-007   1.0750872271576609E-007
   1.0000000449361970        1.0750872754679922E-007   1.0750872271576609E-007
   1.0000000044750410        1.0750872319687203E-007   1.0750872271576609E-007
   1.0000000004473195        1.0750872276385684E-007   1.0750872271576609E-007
   1.0000000000447304        1.0750872272057500E-007   1.0750872271576609E-007
   1.0000000000044733        1.0750872271624701E-007   1.0750872271576609E-007
   1.0000000000004472        1.0750872271581417E-007   1.0750872271576609E-007
   1.0000000000000451        1.0750872271577094E-007   1.0750872271576609E-007
   1.0000000000000049        1.0750872271576661E-007   1.0750872271576609E-007
   1.0000000000000007        1.0750872271576616E-007   1.0750872271576609E-007
     
 Collinear #          14
 ME*wgt:
   1.0908138388664783        5.8330135903056254E-012   5.3473960289750404E-012
   1.0069569292221627        5.3845974846714939E-012   5.3473960289750404E-012
   1.0001263981426878        5.3480719299013187E-012   5.3473960289750404E-012
  0.99983356862275374        5.3465060544892568E-012   5.3473960289750404E-012
  0.99992730682654207        5.3470073097879578E-012   5.3473960289750404E-012
  0.99999344533294576        5.3473609785744636E-012   5.3473960289750404E-012
  0.99990408436192035        5.3468831300728565E-012   5.3473960289750404E-012
   1.0025542743452669        5.3610547454658333E-012   5.3473960289750404E-012
   1.0295900022902378        5.5056254897192198E-012   5.3473960289750404E-012
   1.0673708347629662        5.7076545632552595E-012   5.3473960289750404E-012
 wgt:
   1.0000004688183066        1.0750877311782343E-007   1.0750872271576609E-007
   1.0000000449361970        1.0750872754679922E-007   1.0750872271576609E-007
   1.0000000044750410        1.0750872319687203E-007   1.0750872271576609E-007
   1.0000000004473195        1.0750872276385684E-007   1.0750872271576609E-007
   1.0000000000447304        1.0750872272057500E-007   1.0750872271576609E-007
   1.0000000000044733        1.0750872271624701E-007   1.0750872271576609E-007
   1.0000000000004472        1.0750872271581417E-007   1.0750872271576609E-007
   1.0000000000000451        1.0750872271577094E-007   1.0750872271576609E-007
   1.0000000000000049        1.0750872271576661E-007   1.0750872271576609E-007
   1.0000000000000007        1.0750872271576616E-007   1.0750872271576609E-007
     
 Collinear #          75
 ME*wgt:
   1.0481284877292918        4.8889735727349320E-018   4.6644792408291498E-018
   1.0022869039527043        4.6751464568423092E-018   4.6644792408291498E-018
  0.99950409761046788        4.6621661144276995E-018   4.6644792408291498E-018
  0.99972791055297261        4.6632100852518418E-018   4.6644792408291498E-018
  0.99986344388345549        4.6638422776583196E-018   4.6644792408291498E-018
  0.99963184517916104        4.6627619903099350E-018   4.6644792408291498E-018
   1.0034402299986040        4.6805261222413161E-018   4.6644792408291498E-018
  0.93948817651066563        4.3822230963384317E-018   4.6644792408291498E-018
  0.96652464710177421        4.5083341521559456E-018   4.6644792408291498E-018
                       NaN                       NaN   4.6644792408291498E-018
 wgt:
   1.0000000283895658        2.0159264237775027E-007   2.0159263665462285E-007
   1.0000000027211389        2.0159263720318439E-007   2.0159263665462285E-007
   1.0000000002709888        2.0159263670925221E-007   2.0159263665462285E-007
   1.0000000000270877        2.0159263666008351E-007   2.0159263665462285E-007
   1.0000000000027087        2.0159263665516892E-007   2.0159263665462285E-007
   1.0000000000002711        2.0159263665467751E-007   2.0159263665462285E-007
   1.0000000000000271        2.0159263665462833E-007   2.0159263665462285E-007
   1.0000000000000029        2.0159263665462343E-007   2.0159263665462285E-007
   1.0000000000000004        2.0159263665462293E-007   2.0159263665462285E-007
   1.0000000000000002        2.0159263665462288E-007   2.0159263665462285E-007
     
 Collinear #          75
 ME*wgt:
   1.0481284877292918        4.8889735727349320E-018   4.6644792408291498E-018
   1.0022869039527043        4.6751464568423092E-018   4.6644792408291498E-018
  0.99950409761046788        4.6621661144276995E-018   4.6644792408291498E-018
  0.99972791055297261        4.6632100852518418E-018   4.6644792408291498E-018
  0.99986344388345549        4.6638422776583196E-018   4.6644792408291498E-018
  0.99963184517916104        4.6627619903099350E-018   4.6644792408291498E-018
   1.0034402299986040        4.6805261222413161E-018   4.6644792408291498E-018
  0.93948817651066563        4.3822230963384317E-018   4.6644792408291498E-018
  0.96652464710177421        4.5083341521559456E-018   4.6644792408291498E-018
   0.0000000000000000        0.0000000000000000        4.6644792408291498E-018
 wgt:
   1.0000000283895658        2.0159264237775027E-007   2.0159263665462285E-007
   1.0000000027211389        2.0159263720318439E-007   2.0159263665462285E-007
   1.0000000002709888        2.0159263670925221E-007   2.0159263665462285E-007
   1.0000000000270877        2.0159263666008351E-007   2.0159263665462285E-007
   1.0000000000027087        2.0159263665516892E-007   2.0159263665462285E-007
   1.0000000000002711        2.0159263665467751E-007   2.0159263665462285E-007
   1.0000000000000271        2.0159263665462833E-007   2.0159263665462285E-007
   1.0000000000000029        2.0159263665462343E-007   2.0159263665462285E-007
   1.0000000000000004        2.0159263665462293E-007   2.0159263665462285E-007
   1.0000000000000002        2.0159263665462288E-007   2.0159263665462285E-007
