  0.00012363789699519  0.00650740911438093  0.01120021701623982  0.01588123799209852
  0.02061610415905069  0.02541626394773124  0.03034289224531776  0.03537863279553716
  0.04047602647142642  0.04574030776714011  0.05100108500308075  0.05634401774459713
  0.06168515297951063  0.06709381767174390  0.07247479423879073  0.07797541497624530
  0.08361933375768721  0.08968504793735793  0.09594694158682261  0.10222251372047526
  0.10865306653158315  0.11527789694351345  0.12201329741514100  0.12889092916897393
  0.13595360457375485  0.14303111652787412  0.15025118432027293  0.15797072313537852
  0.16570731171049147  0.17392825486242755  0.18216672197499859  0.19093371165120321
  0.20021912458073868  0.20974506354996195  0.21949022389990272  0.22959125892271440
  0.24002045127382926  0.25087106610750454  0.26238831130566659  0.27459829204752717
  0.28783706471525256  0.30237246313059546  0.31867831742470332  0.33645872332746618
  0.35605716403329529  0.37895497994061061  0.40982666672121421  0.46493926422693677
  0.55576651359899032  0.60121473792971647  0.62870789966385410  0.65124053614996191
  0.67035285903493069  0.68722418967912313  0.70261106506520810  0.71642408785312706
  0.72885172379411511  0.74059475652860007  0.75182319524706642  0.76216999970042576
  0.77235706535970028  0.78255179060628921  0.79227690050194910  0.80115170386761247
  0.80953016426865676  0.81764436282121267  0.82566741015365952  0.83356622415227888
  0.84123302853978044  0.84872790782280172  0.85611056469081215  0.86304231426091360
  0.86984950221208934  0.87645513965122335  0.88308159442323531  0.88967165096212686
  0.89609381468986360  0.90243217608526105  0.90858638200214681  0.91463693419021519
  0.92052742306725055  0.92627553786211358  0.93200563478279674  0.93776423476611404
  0.94351232617721204  0.94916000601126782  0.95480427641156373  0.96006934809218647
  0.96519875844352332  0.97030653656570187  0.97531180089628233  0.98031179394874624
  0.98531465072565794  0.99023171229218943  0.99512376336020725  1.00000000000000000
 -0.00285861637448375  0.00979938262344266  0.02063196496064016  0.03114843760618224
  0.04143753602683854  0.05132227670453674  0.06086322525388096  0.07042780353924459
  0.08024581503106767  0.09051288032877998  0.10108197552823213  0.11181438031037540
  0.12260715686277748  0.13278969067814814  0.14300046133407127  0.15362959001280876
  0.16413365212364489  0.17503411353413387  0.18591072736931594  0.19692488364536165
  0.20764620056265365  0.21825309046929309  0.22920196512185403  0.24008109301915376
  0.25088840809272456  0.26132015207119369  0.27168304192331233  0.28199367667585279
  0.29226622435384186  0.30255042364349749  0.31288137525636167  0.32323476151109221
  0.33390012795812685  0.34495343261593153  0.35602499415553118  0.36697677244841781
  0.37748462971868602  0.38766249078739179  0.39773728543781639  0.40726135220220322
  0.41648550578314114  0.42604658461140821  0.43574721152054413  0.44605759094290193
  0.45660313260700064  0.46734546083644729  0.47796099803539788  0.48880927834073029
  0.49963762482157414  0.51037142014857073  0.52108356413110180  0.53191660873239499
  0.54270966894489481  0.55342954888793539  0.56427664979143721  0.57549305854914889
  0.58618272350207790  0.59649767856822189  0.60656072101263470  0.61663616338507177
  0.62682997699278764  0.63687425599250025  0.64707711788605438  0.65758601372629000
  0.66814690423046119  0.67884738552330159  0.68960543795851148  0.70004550767591789
  0.71059401448817172  0.72115311402750371  0.73208363041935254  0.74290017919228102
  0.75351127356489789  0.76438165791759094  0.77549213654780258  0.78699603660547757
  0.79882044701552224  0.81030015110819709  0.82132103187045646  0.83171419281536052
  0.84253327974452852  0.85338930953750902  0.86426042246694368  0.87475554959503377
  0.88539122321127772  0.89623339627641829  0.90744097934341139  0.91830209145399189
  0.92871500003610086  0.93889430416015873  0.94887821586617416  0.95919305138971589
  0.96925059281249915  0.97925458206741056  0.98943791394558744  1.00000000000000000
 -0.00232476153433010  0.01427640962330027  0.02744959592621337  0.03879977942501926
  0.04900069594278360  0.05836708118322011  0.06720048223278241  0.07544490260621541
  0.08351873836264462  0.09122272064815670  0.09877031565248326  0.10605958591677683
  0.11319393604900282  0.12022809019438829  0.12718092470820094  0.13405009871036583
  0.14084113196777329  0.14760961304390161  0.15436814605593965  0.16104132838038485
  0.16765599108344723  0.17434871455804343  0.18116785353308931  0.18808974644505930
  0.19500570933387334  0.20195473220078836  0.20874731102957703  0.21535670514722027
  0.22198934439373200  0.22854491802461407  0.23489644037599591  0.24119052242600525
  0.24750030858422792  0.25381280885826601  0.26019090436662001  0.26659803926969600
  0.27282225869922994  0.27893539481528429  0.28505270609633371  0.29128159270641307
  0.29769606667045323  0.30419792424252212  0.31064958003435139  0.31709384617553499
  0.32334062050516993  0.32961153497908913  0.33614514348365943  0.34287947129721286
  0.34965730588569915  0.35633747189776876  0.36296490127562597  0.36957679807470245
  0.37614725082894496  0.38277099340164755  0.38950925318377089  0.39633895709465861
  0.40323488458339274  0.41014009326399753  0.41722169843675910  0.42485409435168603
  0.43253858841718035  0.44034810907086686  0.44806934697194573  0.45549977248673240
  0.46315316027825298  0.47116478157802683  0.47933452397893478  0.48772150104105810
  0.49611490005308234  0.50447206327143634  0.51295705154393934  0.52159305412861767
  0.53016891103178587  0.53891366170057808  0.54781340705273585  0.55677163949850428
  0.56595406027972439  0.57578361116846100  0.58611817415329415  0.59756046214649861
  0.60940478329515535  0.62152424260272732  0.63365948108121040  0.64570470199325125
  0.65796595109441924  0.67111344083758717  0.68566445030641465  0.70116677751407708
  0.71840215640179450  0.73760111031643727  0.75864251188326648  0.78223874474639954
  0.80846992825193853  0.84124093645614662  0.88873489821045537  1.00000000000000000
 -0.01888229325208723  0.10748581082584753  0.14127336178041039  0.16313511753024157
  0.18094443291500009  0.19657136778521073  0.21061526903659028  0.22340895818201090
  0.23509302119220690  0.24589772317007280  0.25598185400717621  0.26546713205917200
  0.27441682487873742  0.28280337834525310  0.29079221281121637  0.29855432399481019
  0.30628024531312587  0.31397025058504613  0.32148271901847075  0.32867558228270521
  0.33567717623945370  0.34261818020866908  0.34943213396677636  0.35615943056975857
  0.36272067270008423  0.36926276940698816  0.37579894336671882  0.38218348918831990
  0.38844733090120787  0.39469578700949248  0.40088727074751945  0.40690259762909936
  0.41281460338146303  0.41863022816853818  0.42439404832137528  0.43012073180158755
  0.43581647893336006  0.44147628874673561  0.44719478472742202  0.45299942577138708
  0.45865794126425241  0.46427239493053463  0.46973448899403730  0.47523734219532077
  0.48077478187188050  0.48634727905480857  0.49187891978742859  0.49732387020735347
  0.50311125360979725  0.50904273874780570  0.51497421160207324  0.52073768852587132
  0.52639298130383982  0.53208005958920168  0.53782891390027843  0.54363543774764000
  0.54959673933078756  0.55554936012467393  0.56161002161645424  0.56722553620298544
  0.57265555988520689  0.57809793297668888  0.58366433648261562  0.58946650828095870
  0.59533589581755164  0.60116121194138528  0.60707446880877991  0.61315350838782523
  0.61938590284401873  0.62583437518615004  0.63250402173405429  0.63916717038115867
  0.64578245100983867  0.65238570084008018  0.65915776229297818  0.66615837800571653
  0.67311658381701345  0.68017164045920508  0.68733154851096012  0.69491734457752152
  0.70224872339273925  0.70980377580349907  0.71771878731861771  0.72611401614969051
  0.73489712066917234  0.74398633203545295  0.75350544444065370  0.76384223349485847
  0.77480957989078769  0.78675364583551499  0.79992624794898537  0.81492565341102319
  0.83234524253616182  0.85475403433408292  0.89122869240050018  1.00000000000000000
   3.9082666151872390E-004  -1.0000000000000000     
 F F F F F F F F F F F F F F F F
  <DiscreteSampler_grid>
  grouped_processes
  1 # 1 for a reference and 2 for a running grid.
  10 # Attribute 'min_bin_probing_points' of the grid.
  1 # Attribute 'grid_mode' of the grid. 1=='default',2=='initialization'
  0.0000000000000000 # Attribute 'small_contrib_threshold' of the grid.
  0.5000000000000000 # Attribute 'damping_power' of the grid.
 # binID   n_entries weight   weight_sqr   abs_weight
    10   10   7.818899167658311E+006   1.164998851994649E+014   7.818899167658311E+006
  </DiscreteSampler_grid>
