 -0.00131522557021552  0.00465686806921152  0.00992546981742355  0.01503276021497233
  0.02010995005909491  0.02525266440928559  0.03054832464804316  0.03600087050615547
  0.04142453181993259  0.04682844613491411  0.05244871917982546  0.05832126860177870
  0.06431161258765886  0.07019671343371903  0.07601709879275813  0.08186937226253359
  0.08766828634669696  0.09339772715433914  0.09911338638603218  0.10486041322707162
  0.11066013072203676  0.11657686156070815  0.12254169817939438  0.12886727342458953
  0.13558123761538429  0.14239612299355273  0.14947395054544871  0.15680457610005047
  0.16443215117780610  0.17251129192654255  0.18081710611391935  0.18919592402926222
  0.19766005483990476  0.20632725710510036  0.21540784969087479  0.22468542360031787
  0.23469770709091470  0.24564030599354617  0.25720862361124419  0.26917161214583007
  0.28139855122490698  0.29422664491697209  0.30798990704994189  0.32315029342928325
  0.34035935238672194  0.36051622474250733  0.38513368679433591  0.41851462797264577
  0.48328872459589600  0.56807370030851967  0.60813865705576720  0.63406500042439151
  0.65556383798614082  0.67371463359165107  0.68930104107265189  0.70395848962354357
  0.71792047555903982  0.73098529769017617  0.74322189478371670  0.75478550375599551
  0.76578703285927863  0.77605537816236037  0.78538611837856886  0.79434982466331139
  0.80313089910366453  0.81170820870510052  0.81998149795363950  0.82809266153615979
  0.83601214710685068  0.84382690998872678  0.85148936096509387  0.85895206307883998
  0.86606619412692087  0.87312768185587453  0.87985111810384653  0.88642278047920653
  0.89285741948413966  0.89915927738768919  0.90526291524507674  0.91123289630645232
  0.91705511750333568  0.92272523056390054  0.92826567595998666  0.93379962367140656
  0.93945165248478846  0.94515254598973686  0.95070577401274303  0.95605203820454188
  0.96164555328813683  0.96734515232514340  0.97284074645193275  0.97834452236451064
  0.98379328007487532  0.98919991873621504  0.99460083352045014  1.00000000000000000
 -0.00258476164292971  0.01034508215651986  0.02110438900112098  0.03268561277871668
  0.04386103851133696  0.05507378326666591  0.06619143892794167  0.07732585065005965
  0.08791350689419881  0.09814954741202614  0.10838363955201838  0.11880060506198767
  0.12917751932410901  0.13948370721850864  0.14923155570915134  0.15883151619586988
  0.16856636390297072  0.17902204588722861  0.18976804243028517  0.20074176517890105
  0.21186442102099337  0.22312212889720467  0.23368296475051933  0.24373794039170807
  0.25373593088322965  0.26386427750449976  0.27413592725081515  0.28425328893028784
  0.29435023854399089  0.30445498394146825  0.31422797557372878  0.32338400967627495
  0.33265230153186726  0.34247563165829359  0.35226733539120719  0.36185163395771347
  0.37201279344855265  0.38288176753523567  0.39466567361308791  0.40564319791162340
  0.41666011815847287  0.42725867556647973  0.43797161937728352  0.44861909155437135
  0.45942834195028820  0.47047026923405089  0.48131874294530935  0.49193741849149086
  0.50221355323112904  0.51217574513858555  0.52230898471608755  0.53331257156135703
  0.54440451926677058  0.55549547519615450  0.56637073905583979  0.57734531306259051
  0.58825683397145101  0.59873400937029508  0.60922968005204559  0.61966972067099291
  0.63042890879187830  0.64156955142362670  0.65232764410895960  0.66313541081977179
  0.67360238445989651  0.68443201639378937  0.69522628850893831  0.70634441438854523
  0.71659238555004989  0.72666950752883419  0.73713613029289893  0.74759132871670486
  0.75813341806525636  0.76819534003337564  0.77922417215295647  0.79033006591956889
  0.80074284792807315  0.81072151410724091  0.82076075235630275  0.83083366612702103
  0.84063525105329606  0.85045275608356652  0.86052700126288173  0.87081548189889357
  0.88073614540427236  0.89082189591994709  0.90149004262182730  0.91223077399005115
  0.92284779572309295  0.93324135637192052  0.94373421290889681  0.95451911419911517
  0.96524066511818907  0.97672972309875405  0.98821315071222893  1.00000000000000000
 -0.00163031075551652  0.01237410156827378  0.02334919008524602  0.03230351278984279
  0.04091255311523288  0.04905898773925346  0.05703142384131420  0.06457702251282116
  0.07175357136074294  0.07890211513424172  0.08590840247894603  0.09274174299114427
  0.09933339522219888  0.10578063263018285  0.11210234439445586  0.11834044060955680
  0.12461317244933592  0.13094278856943128  0.13725050967588193  0.14348951410066235
  0.14967371064630919  0.15587095134287507  0.16231243373397528  0.16869404858642406
  0.17515874293972075  0.18134844304412634  0.18743820649403695  0.19349011278614234
  0.19954861677439883  0.20566906163049037  0.21175970534331917  0.21779689113149098
  0.22400300190597866  0.23014101773776507  0.23614537336043989  0.24207015712839061
  0.24805001964566176  0.25410227134773972  0.26008401881779397  0.26602428228453739
  0.27188602567796305  0.27778333830693175  0.28373963064118241  0.28982270438065205
  0.29606866727620368  0.30256857881143334  0.30917257093563000  0.31599646151029331
  0.32292214119889379  0.32974747067222504  0.33643132990894498  0.34304629033988360
  0.34959001553022384  0.35622576888127117  0.36311478385032392  0.37007383524168114
  0.37721818712766497  0.38461365324582547  0.39216854921230754  0.39993434294237629
  0.40765273897370391  0.41528539569616962  0.42274271467444896  0.43018036630004697
  0.43770543625134040  0.44513239619796302  0.45255456415516460  0.46027732094396789
  0.46851541804231045  0.47677131728293942  0.48523546119102368  0.49395090553269949
  0.50292088362587772  0.51246517801964397  0.52225541141505860  0.53234970948785720
  0.54235511961815008  0.55264978695111577  0.56315748479245387  0.57552991860701674
  0.58784959645226331  0.59993662694076300  0.61199118407544462  0.62495378639052090
  0.63939330801170968  0.65508991289059182  0.67142797474216775  0.68822889184469882
  0.70613781475190029  0.72466608418587974  0.74553221725654706  0.76960656324569687
  0.79749394498728010  0.83092776866080120  0.88216167114186328  1.00000000000000000
 -0.02092866342635859  0.12276541093390983  0.16028466255505336  0.18466852754319174
  0.20412454659773357  0.22074320664567212  0.23498726728441877  0.24758197083242259
  0.25843200355452473  0.26847903670230550  0.27722327882615461  0.28557045481859133
  0.29368333649585482  0.30148885941559750  0.30915595490927156  0.31658870575283843
  0.32388330999210335  0.33099639108252005  0.33771650365466982  0.34423592370362721
  0.35071824465218882  0.35711069400664752  0.36339894611841705  0.36949742775108763
  0.37567602990671556  0.38170971162363260  0.38775758886107226  0.39370013416410155
  0.39965671226468680  0.40553936755561620  0.41133280563439933  0.41704369404387770
  0.42262794417399047  0.42809620651675062  0.43356797606578240  0.43894864897836716
  0.44418629503755458  0.44927979611174124  0.45435347358062494  0.45948751196017745
  0.46467780615484872  0.46995015475502072  0.47509730554313068  0.48012401823132517
  0.48512846372719820  0.49012419175780830  0.49505138947671279  0.49994347324772737
  0.50491424555360143  0.50977654778713621  0.51470381435310431  0.51970571060856074
  0.52483353632045915  0.53007376250382043  0.53539925778067066  0.54067010406571625
  0.54584600126067795  0.55102250117463614  0.55624233620220531  0.56148592672139941
  0.56666466124274517  0.57175988505774478  0.57693966620305481  0.58214651782889526
  0.58748683384404365  0.59292619231536070  0.59841929251716652  0.60390410995973431
  0.60960467874469015  0.61535751178956877  0.62108776676814137  0.62697541836333393
  0.63309251180582393  0.63941421722745584  0.64591210202889215  0.65260648517528574
  0.65925790769556447  0.66596205736369707  0.67271059084303386  0.67960866163875722
  0.68681501793758348  0.69479335319849789  0.70297642533842586  0.71166489975000480
  0.72045005034305998  0.72950010529194287  0.73948825017792952  0.75024523238663399
  0.76170309046376017  0.77360768357324539  0.78692395808009286  0.80232282353792728
  0.82064721700348520  0.84396188413513429  0.88181755557117880  1.00000000000000000
   1.6286066633854763E-010  -1.0000000000000000     
 F F F F F F F F F F F F F F F F
  <DiscreteSampler_grid>
  grouped_processes
  1 # 1 for a reference and 2 for a running grid.
  10 # Attribute 'min_bin_probing_points' of the grid.
  1 # Attribute 'grid_mode' of the grid. 1=='default',2=='initialization'
  0.0000000000000000 # Attribute 'small_contrib_threshold' of the grid.
  0.5000000000000000 # Attribute 'damping_power' of the grid.
 # binID   n_entries weight   weight_sqr   abs_weight
    10   10   1.301775370494044E+000   7.001629217421927E+000   1.301775370494044E+000
  </DiscreteSampler_grid>
