 -0.00157519338566487  0.01350583089351687  0.02486840254615742  0.03617735220857873
  0.04733271234771861  0.05857893215531693  0.06962052807346092  0.08046004801406294
  0.09148516016408008  0.10255807628820093  0.11341276501716427  0.12416492193457059
  0.13489839261004796  0.14542488489365168  0.15578052364595579  0.16596428170919314
  0.17623600183937765  0.18659717180631735  0.19710923738669903  0.20774596650071775
  0.21824828730690446  0.22863886802648631  0.23884971448988371  0.24892827941819232
  0.25906999588143464  0.26923809372977803  0.27951448625855441  0.28973886901374069
  0.30003228123454473  0.31038307819957711  0.32082690681306214  0.33123344951503808
  0.34163441309678089  0.35204857553055136  0.36249850058860505  0.37290264688559421
  0.38339407266415088  0.39387254488879053  0.40420004226211048  0.41445420852868481
  0.42470962148593083  0.43518427391230424  0.44568666224922615  0.45603226148558568
  0.46642537959475722  0.47665994391936567  0.48700753652675649  0.49768171441804465
  0.50783832858569666  0.51827689204890026  0.52860700806656380  0.53936611810820712
  0.54969901303852331  0.55981317714734280  0.56986827213701652  0.58006957402663983
  0.59036511157961757  0.60076683351729365  0.61094108789969059  0.62081727965288303
  0.63083439409866171  0.64088855879396123  0.65116838651634568  0.66181325813321901
  0.67239896021310686  0.68295219350889214  0.69318471974356177  0.70352145640828723
  0.71377829304880724  0.72367151933777218  0.73356468358374105  0.74365015138050561
  0.75404007927528494  0.76430243833574285  0.77441667445511941  0.78435113180734317
  0.79428237992190875  0.80412334703332844  0.81405849465648228  0.82418380844555794
  0.83472280651889086  0.84526909831080543  0.85570353390469378  0.86597160706417853
  0.87624861320042180  0.88658339595391322  0.89712471093219648  0.90818483211947154
  0.91912602378873054  0.93006537559940916  0.94119061447020413  0.95300631832772242
  0.96460152436280244  0.97600013231341187  0.98789165867589179  1.00000000000000000
 -0.00251486139249170  0.00919628747782431  0.01929617153987534  0.03005718765609321
  0.04093502091099078  0.05128784073333090  0.06123170796667515  0.07152474022610064
  0.08195494860913068  0.09221173624207929  0.10238946285364939  0.11284936099730597
  0.12342266619134776  0.13382238055113052  0.14424815886054190  0.15480498712024682
  0.16517050502523042  0.17573064547265008  0.18604254243834800  0.19661749407410456
  0.20702496947765842  0.21772942240569629  0.22877288739781113  0.23941953253630480
  0.25002084457238744  0.26047930424733667  0.27111673298951389  0.28175775592021551
  0.29229905444254900  0.30264478254226174  0.31277444929162468  0.32265226230364263
  0.33266025363331470  0.34300278693284303  0.35346845130784288  0.36389484504981118
  0.37436660132185007  0.38468325349645965  0.39499961149551660  0.40498298454226483
  0.41497107792790233  0.42505574752577446  0.43533838036401540  0.44593534864940448
  0.45657247411143509  0.46728413992210899  0.47805636427562742  0.48927899956754894
  0.50047164479100748  0.51153328110925178  0.52249643982165817  0.53327320226488784
  0.54382633803181624  0.55427667914257550  0.56491683713922702  0.57566560159029934
  0.58601285871159314  0.59632122054217951  0.60663529877623001  0.61707894277570063
  0.62753586970562192  0.63787781288463929  0.64849920149425055  0.65936743964574929
  0.67019210129207529  0.68089468860575342  0.69146606172009939  0.70222472726793717
  0.71291630277831819  0.72366178787954616  0.73472144160668651  0.74571378336946448
  0.75622492032744126  0.76664358696579715  0.77726436001515409  0.78834624787334651
  0.79953235076253693  0.81042041789690922  0.82101433451638572  0.83143286371797431
  0.84217812701054251  0.85312061830451302  0.86381125380758150  0.87433144386926831
  0.88458997065797862  0.89470453177089238  0.90511347140322407  0.91584358896928086
  0.92667608590589767  0.93725430996010328  0.94763233340628361  0.95797938554565454
  0.96830204551321808  0.97852607910681311  0.98918740573817276  1.00000000000000000
 -0.00278651125770733  0.01823727938213139  0.03388749747995796  0.04705443246401736
  0.05882942360629442  0.06980744438605201  0.08015455756383492  0.08996897134185960
  0.09940365111068974  0.10856605107051907  0.11744643205205541  0.12614023573805161
  0.13464249071461953  0.14295743100860586  0.15121992900395401  0.15942515319613390
  0.16761449720355073  0.17573790349245530  0.18372332264535887  0.19150629785951184
  0.19934937494068297  0.20725419384624413  0.21520267576998534  0.22295035607409414
  0.23048045930318992  0.23774235734753582  0.24497111833580959  0.25221627196614921
  0.25947004721217626  0.26683020479099928  0.27406646581976096  0.28112398753915036
  0.28815180613235147  0.29519531307086316  0.30227902944770785  0.30942869424149022
  0.31650599531114582  0.32338627061911818  0.33031411839609709  0.33723961216761406
  0.34425432355415897  0.35109770763669024  0.35791848446824059  0.36482204330110085
  0.37181373941728330  0.37882136707671299  0.38574205597249239  0.39262857361524023
  0.39953465910835295  0.40649065903474890  0.41355312707533787  0.42075004867244259
  0.42794589559016405  0.43502167508003442  0.44210241152111973  0.44931851794382460
  0.45674899589742995  0.46450203300332105  0.47235891007667552  0.48013535343488212
  0.48788807214977542  0.49568912706199675  0.50366141627473537  0.51194995413644773
  0.52043253071800566  0.52862292565428703  0.53668770215083506  0.54486233118422178
  0.55305312811966989  0.56141255000155732  0.57003527874497451  0.57892586458858653
  0.58824069652675059  0.59798193041514380  0.60793194425101504  0.61788756906819919
  0.62796152070446054  0.63823107840575966  0.64874657652679357  0.65944990865082043
  0.67036688948947742  0.68168179150049224  0.69333239680321324  0.70539219525438679
  0.71788808103990853  0.73095081273668083  0.74452565139043514  0.75904524687387831
  0.77424973556682031  0.79097431258357331  0.80925219025693673  0.83028100239525615
  0.85461098461041940  0.88302992690099080  0.92182277266322199  1.00000000000000000
 -0.01890551552209820  0.10830409646011907  0.14340517837701511  0.16498729982483815
  0.18242275962701368  0.19749107999719057  0.21084433618965423  0.22296591795636936
  0.23417412448926839  0.24475776726260073  0.25458226624259372  0.26389660436125906
  0.27289293972293754  0.28148510078303046  0.28972963140928532  0.29763115383692934
  0.30526699217500503  0.31279107961198405  0.32025312556441043  0.32757515281381927
  0.33480851298644682  0.34188293906851014  0.34892185039270157  0.35585035215610067
  0.36267744599759666  0.36942546538850246  0.37604430026915714  0.38252652185985714
  0.38893418315770428  0.39527294780986544  0.40148203747003530  0.40748368789622913
  0.41342819825575811  0.41928424381934848  0.42511993610545157  0.43093543770018927
  0.43667282883618075  0.44229803497036391  0.44798746819959567  0.45367462465627073
  0.45938623409944018  0.46505672936586895  0.47062397807077283  0.47616304977338342
  0.48168473134589418  0.48722720790150481  0.49280547388780932  0.49841479476481704
  0.50406850225602207  0.50966604277300920  0.51529408736383919  0.52086698017961808
  0.52642265895219142  0.53201263645065899  0.53765028405429593  0.54325886411903568
  0.54879887977823805  0.55431260834149110  0.55984101463502867  0.56545637398988824
  0.57112983059748135  0.57683287019901186  0.58264790075410100  0.58859078176347190
  0.59458452646804993  0.60052296360231272  0.60659372600553663  0.61284665922791626
  0.61915540470104724  0.62552208260440945  0.63196247319393795  0.63844440925890078
  0.64498865020312501  0.65160205664938220  0.65824948405527073  0.66499609372560176
  0.67188238677471535  0.67895294424488417  0.68620526540846294  0.69374941610879814
  0.70144496507832899  0.70938790132512752  0.71765675294481657  0.72628941647776202
  0.73526414308107291  0.74461129898820078  0.75442191784282553  0.76487373554958593
  0.77605047625394497  0.78813702237002059  0.80132599036140206  0.81618624987873889
  0.83353642966723873  0.85572702339183437  0.89137844575131120  1.00000000000000000
   7.2553205248905421E-004  -1.0000000000000000     
 F F F F F F F F F F F F F F F F
  <DiscreteSampler_grid>
  grouped_processes
  1 # 1 for a reference and 2 for a running grid.
  10 # Attribute 'min_bin_probing_points' of the grid.
  1 # Attribute 'grid_mode' of the grid. 1=='default',2=='initialization'
  0.0000000000000000 # Attribute 'small_contrib_threshold' of the grid.
  0.5000000000000000 # Attribute 'damping_power' of the grid.
 # binID   n_entries weight   weight_sqr   abs_weight
    10   10   1.488063723706266E+007   2.263314191590296E+014   1.488063723706266E+007
  </DiscreteSampler_grid>
