 AVE   0.0000000000000000        0.0000000000000000        0.0000000000000000        0.0000000000000000        0.0000000000000000        0.0000000000000000        0.0000000000000000     
 AVE   2.5806707646410743E-002   3.1413565264666356E-002   3.0543594010424346E-002  0.21924391897062007       0.11128920629944955        7.8017039082734149E-002   3.2327509648969563E-002
 AVE   5.3611453325583223E-002   6.2029760031039063E-002   6.0631679822001190E-002  0.30794548671303901       0.18627097213474453       0.13095550774887540        6.4280672263175340E-002
 AVE   8.4186655577014671E-002   9.3447206899301818E-002   9.1023689840696448E-002  0.36800799318743560       0.24741164633165880       0.17368828934979610        9.5881552433934925E-002
 AVE  0.11548002712162835       0.12293943076993906       0.12141815016851584       0.42208032898066994       0.30126224817797953       0.21155695869684010       0.12673098155763868     
 AVE  0.14665742963175671       0.15361584301170883       0.15304709838704830       0.45452058595773054       0.35089800289533729       0.24680420101795644       0.15892061009077435     
 AVE  0.17853620376602178       0.18412699385911607       0.18486044793760156       0.47883703379479153       0.39254911860936487       0.28097561378943697       0.19191439639702185     
 AVE  0.21166567713028764       0.21545529497481664       0.21673403295473603       0.50107639342936050       0.42800009293761443       0.31310126544553118       0.22538309536513915     
 AVE  0.24526405827273545       0.24623670715923071       0.24820573039436886       0.52173663349945187       0.46387985449019264       0.34242282975456290       0.25945325526393331     
 AVE  0.27899219650663226       0.27757799139956529       0.27796264092081346       0.54135771061498783       0.49864902105295428       0.37129801029108334       0.29089719405462650     
 AVE  0.31369159665207774       0.30898838835941972       0.30771836391807134       0.55997511644391729       0.53210716980600370       0.40072461650724794       0.32067602429883085     
 AVE  0.34978564110621641       0.34007662919132375       0.33845987979383435       0.57826700988236324       0.56346436058586202       0.43059835468938890       0.34987901586151648     
 AVE  0.38520008553411961       0.37102767742330378       0.36863093623339060       0.59560759624167403       0.59399999861905617       0.46087817444585555       0.37977366495959319     
 AVE  0.42123693971453857       0.40253051816444596       0.39768939619328147       0.61348688324077016       0.62400576718509626       0.49121797469670048       0.40986827735021231     
 AVE  0.45751776940692784       0.43444076317432473       0.42596306090966440       0.62917505670303997       0.64973947769118712       0.52185363949180896       0.43995753606629356     
 AVE  0.49315209452040976       0.46619318337656035       0.45352674169660534       0.64429605571460968       0.67279428334640368       0.55258138447765526       0.46977167798973435     
 AVE  0.52742994525955211       0.49712966576872780       0.48063751847564834       0.65900239314732789       0.69544025074429716       0.58238099977380964       0.50014485577314249     
 AVE  0.56135181391246136       0.52935412830232209       0.50798237850834416       0.67308903085219440       0.71711780299629568       0.61239198007082107       0.53012901406275292     
 AVE  0.59494295219656423       0.56074754545378114       0.53445071799737964       0.68693529324056213       0.73834042908798103       0.64271440189079820       0.56064853890100952     
 AVE  0.62737654634904694       0.59356333600512445       0.56127598504243015       0.70078706547475944       0.75905804723308590       0.67312273787295829       0.59178764293567776     
 AVE  0.65907565197198414       0.62605831755398456       0.58662872297761404       0.71420282659008960       0.77932017235137407       0.70347640630255392       0.62286656770348403     
 AVE  0.69074180183707456       0.65889718713752166       0.61293010638797885       0.72771518260450052       0.79923067732274533       0.73364732628957319       0.65341970130760074     
 AVE  0.72220035664020499       0.69107238203556764       0.63995596633074414       0.74117058615616815       0.81873587891335631       0.76268704335450743       0.68395483230908216     
 AVE  0.75378058024333694       0.72130951819330769       0.66779139884321781       0.75416106639475966       0.83703551764047379       0.78998913000024784       0.71425051261361094     
 AVE  0.78386258935562514       0.75266915001106183       0.69459850764163000       0.76704254990293275       0.85538211181941393       0.81603578835088120       0.74673234441351599     
 AVE  0.81312631681836189       0.78279306007472338       0.72204697069389967       0.78162758282611089       0.87446935852998309       0.84113483413622403       0.78116285639937555     
 AVE  0.84252213833466150       0.81313154817535571       0.75099937494970492       0.79821730875141172       0.89333145033264338       0.86552442313776012       0.81551462232232164     
 AVE  0.87158068549760392       0.84348346692648835       0.78098017686767807       0.81605033695598328       0.91071049585169839       0.88909034121631092       0.84684377755241436     
 AVE  0.89976659841727691       0.87301576031871675       0.81210621786312864       0.83497122358123932       0.92682076048977435       0.91205063217617954       0.87781741172904104     
 AVE  0.92680097280510276       0.90282101498489964       0.84704648140949623       0.85621244434416188       0.94260462928561117       0.93434071362378845       0.90843475521616990     
 AVE  0.95214835658347752       0.93380188893350291       0.88639520689790630       0.88199039225301334       0.95930561901956357       0.95606302478706306       0.93946634625117220     
 AVE  0.97648661050303920       0.96612354697993696       0.93369154296607348       0.91824727421140540       0.97840170321176823       0.97784570777982194       0.97001674708320607     
 AVE   1.0000000000000000        1.0000000000000000        1.0000000000000000        1.0000000000000000        1.0000000000000000        1.0000000000000000        1.0000000000000000     
 AVE  0.10721891346947796       0.10380170973483338       -8.7271550474241361E-003  -2.7330822644774513E-002
 AVE   0.0000000000000000        0.0000000000000000        0.0000000000000000        0.0000000000000000     
 AVE  0.10721891346947796       0.10380170973483338       -8.7271550474241361E-003  -2.7330822644774513E-002
 AVE  0.11977245626773675       0.10090255156362105        6.3690936509596757E-002   9.5705648080116584E-002
 AVE   0.0000000000000000        0.0000000000000000        0.0000000000000000        0.0000000000000000     
 AVE  0.11977245626773675       0.10090255156362105        6.3690936509596757E-002   9.5705648080116584E-002
 AVE  0.13587533213122086       0.11129034338860594        8.7632229756775593E-002  0.10094419299614053     
 AVE   0.0000000000000000        0.0000000000000000        0.0000000000000000        0.0000000000000000     
 AVE  0.13587533213122086       0.11129034338860594        8.7632229756775593E-002  0.10094419299614053     
 AVE  0.12744254920255021       0.11039131247012718       0.10952964134354162       0.11367057214579393     
 AVE   0.0000000000000000        0.0000000000000000        0.0000000000000000        0.0000000000000000     
 AVE  0.12744254920255021       0.11039131247012718       0.10952964134354162       0.11367057214579393     
 AVE  0.12959432928716408       0.11997506570095415       0.13261043244010848       0.11372216684864475     
 AVE   0.0000000000000000        0.0000000000000000        0.0000000000000000        0.0000000000000000     
 AVE  0.12959432928716408       0.11997506570095415       0.13261043244010848       0.11372216684864475     
 AVE  0.12344763124760987        9.8829587529188037E-002  0.16104889787701482       0.10647495355486716     
 AVE   0.0000000000000000        0.0000000000000000        0.0000000000000000        0.0000000000000000     
 AVE  0.12344763124760987        9.8829587529188037E-002  0.16104889787701482       0.10647495355486716     
 AVE   9.7528345002165659E-002  0.12413963137315240       0.22190108593740976       0.11503757432714819     
 AVE   0.0000000000000000        0.0000000000000000        0.0000000000000000        0.0000000000000000     
 AVE   9.7528345002165659E-002  0.12413963137315240       0.22190108593740976       0.11503757432714819     
 AVE   5.0296354655221177E-002  0.11658452030349828       0.26324869723238548       0.10783760754447409     
 AVE   0.0000000000000000        0.0000000000000000        0.0000000000000000        0.0000000000000000     
 AVE   5.0296354655221177E-002  0.11658452030349828       0.26324869723238548       0.10783760754447409     
 SUM   1.8394434212031290      -0.22277075127680876       -2.2855876595336810E-004   3.6062658975351845E-002  0.37438653040578257        1.3181146652326123        0.0000000000000000        0.0000000000000000       -2.2855876595336810E-004   1.3181146652326123        0.0000000000000000        0.0000000000000000        0.0000000000000000        0.0000000000000000        0.0000000000000000        0.0000000000000000        0.0000000000000000        0.0000000000000000        0.0000000000000000        0.0000000000000000        0.0000000000000000        0.0000000000000000        0.0000000000000000        0.0000000000000000        0.0000000000000000        0.0000000000000000     
 QSM   3.8537419643932369E-002   3.8695551984292170E-002   1.9973952622359643E-002   2.2806538284763649E-003   1.9961110345781342E-002   6.3619519716334075E-002   0.0000000000000000        0.0000000000000000        1.9973952622359643E-002   6.3619519716334075E-002   0.0000000000000000        0.0000000000000000        0.0000000000000000        0.0000000000000000        0.0000000000000000        0.0000000000000000        0.0000000000000000        0.0000000000000000        0.0000000000000000        0.0000000000000000        0.0000000000000000        0.0000000000000000        0.0000000000000000        0.0000000000000000        0.0000000000000000        0.0000000000000000     
 SPE      131072           2        2594
 AVE  0.14701567551474357       0.13177678866620224     
 AVE   0.0000000000000000        0.0000000000000000        0.0000000000000000        0.0000000000000000        0.0000000000000000        0.0000000000000000        0.0000000000000000     
 AVE   1.4176616971906621E-002   3.4731822931873151E-002   6.8849380609311520E-002  0.19108707566020977       0.17377371268883454       0.36062155046619565        3.4993769272590437E-002
 AVE   3.0318043846935414E-002   7.0398230677128845E-002  0.11987705768008751       0.29548881378943503       0.27170845878666050       0.55434348738086348        7.0631180414389233E-002
 AVE   4.8177761867049314E-002   9.9399166961945992E-002  0.15797137330629402       0.34640386115218230       0.34050216156513280       0.69980754176436077       0.10820667335543713     
 AVE   6.7237888131497309E-002  0.13316301777956796       0.19981061713803835       0.37736147159088929       0.39802103837134306       0.82632296044915832       0.14588110399245996     
 AVE   8.9888364917040789E-002  0.16730541511085767       0.23372795799183343       0.40045996684511098       0.45248210787830850       0.90204897986630639       0.18335320757374407     
 AVE  0.11588089373093960       0.20634685628819549       0.26505710032254109       0.42007393845571250       0.48660990033849971       0.94293984843084722       0.22350459390278593     
 AVE  0.14892616018401314       0.24797052557856361       0.29525094080170478       0.44039556151259707       0.51440754383245257       0.96518945380411136       0.26064924479326823     
 AVE  0.18989654554887078       0.28582008615019594       0.32569762081763243       0.45993318331993588       0.54004908368091842       0.97771560131040680       0.29544093899760820     
 AVE  0.23490115338654280       0.32066881919840018       0.35350028331793432       0.47866397281598833       0.56772842474255225       0.98566493952454592       0.32899308398614840     
 AVE  0.28051812693470907       0.35885949692452396       0.38042362739065094       0.49595349746152723       0.60114308796522542       0.99090500145266025       0.36152647961608253     
 AVE  0.32808829225172775       0.39116584770297963       0.40696285704582941       0.51245609568222961       0.63416273755800090       0.99404040512599234       0.39159000303546670     
 AVE  0.37389664152140145       0.41285414190570885       0.43299776196971390       0.52704326389167266       0.65331138249510401       0.99592880693053010       0.42415367885462174     
 AVE  0.42985270592525887       0.43461884504241988       0.45812629650810921       0.54229132464759333       0.66530687536555733       0.99726488314347095       0.46200395390204313     
 AVE  0.48899042612324423       0.45864341928120739       0.48151103360037933       0.55877481655881012       0.67729267403031412       0.99820087835837878       0.50255566746240443     
 AVE  0.55278780992002452       0.48868247168482581       0.50419597926980486       0.57577889216616995       0.68927129247430008       0.99880625510025134       0.54381083098387850     
 AVE  0.59777252082506915       0.52731947083435882       0.52737526809631585       0.59013991646414954       0.70127330344743266       0.99921468330651131       0.58169525611253037     
 AVE  0.62309935704754449       0.56599309154223187       0.54336560781917620       0.59708503935053436       0.71329514018435436       0.99949086950978538       0.61906779302072523     
 AVE  0.64776926941470447       0.60408215433503132       0.55578985383350987       0.60372167387258957       0.73215318985786659       0.99964781668938640       0.65734579936586335     
 AVE  0.67128800821437218       0.64149766494664640       0.56804747329190675       0.61034071304579129       0.75598911194496887       0.99975943422303526       0.69781748971453317     
 AVE  0.69330884538696402       0.67113923609198578       0.58020656324188458       0.61695730524909997       0.77825550590200254       0.99983938286878493       0.73796708061269989     
 AVE  0.71070605660057851       0.68748511534898848       0.59264489414889632       0.62398559874174442       0.79943034793735390       0.99989437675662751       0.77562424935689422     
 AVE  0.73180749653998001       0.70370753632595151       0.60528571347337190       0.63112479819833700       0.81853646783539924       0.99992234967260629       0.80821354232909537     
 AVE  0.77162853429202660       0.71974961128357329       0.62747281584484860       0.64626719908814800       0.83444373726071486       0.99994681521461459       0.82058980452593600     
 AVE  0.80793331520331546       0.73533647985930517       0.65923390815142568       0.66475831947387976       0.85039664882469812       0.99996485708609650       0.83115905857609396     
 AVE  0.83989043074483394       0.75022462744575447       0.69127361223983552       0.68423402567733427       0.86791172814507289       0.99997270772478231       0.84217368063411613     
 AVE  0.87032746270540340       0.77193875497925402       0.71982566271443615       0.70336580429860340       0.88739810712668332       0.99997772263588824       0.85332134414699090     
 AVE  0.89948668003150756       0.80427225518263490       0.74027743629277731       0.72332602111020572       0.90603032948287288       0.99998273754699418       0.86513897816340157     
 AVE  0.92496181536166466       0.83798210282499663       0.76587420721053023       0.74404891738600287       0.92364951588997979       0.99998665016541211       0.87734519541974687     
 AVE  0.94580677002305258       0.87640366924681334       0.79447823215068569       0.76647268444229699       0.93904273535018523       0.99998998762405911       0.89808727761518836     
 AVE  0.96506391292690974       0.91390337400241783       0.83093355542933167       0.79453039759846988       0.95398714267822160       0.99999332508270600       0.92976280591926508     
 AVE  0.98086526872459234       0.95508051710866460       0.88832373731740355       0.84509801513298100       0.97118881847972094       0.99999666254135300       0.96147451920431692     
 AVE   1.0000000000000000        1.0000000000000000        1.0000000000000000        1.0000000000000000        1.0000000000000000        1.0000000000000000        1.0000000000000000     
 AVE  0.10028707751287116       0.12305892991708535        6.5709978294981319E-003   4.4068233984358184E-002
 AVE   0.0000000000000000        0.0000000000000000        0.0000000000000000        0.0000000000000000     
 AVE  0.10028707751287116       0.12305892991708535        6.5709978294981319E-003   4.4068233984358184E-002
 AVE  0.10012296720252048        8.7266877860312980E-002   6.7951215437652493E-002   6.9713133177686543E-002
 AVE   0.0000000000000000        0.0000000000000000        0.0000000000000000        0.0000000000000000     
 AVE  0.10012296720252048        8.7266877860312980E-002   6.7951215437652493E-002   6.9713133177686543E-002
 AVE  0.11639688420643526       0.11283193808969108        8.3935891937091112E-002  0.11426917632674978     
 AVE   0.0000000000000000        0.0000000000000000        0.0000000000000000        0.0000000000000000     
 AVE  0.11639688420643526       0.11283193808969108        8.3935891937091112E-002  0.11426917632674978     
 AVE  0.13733585295584416       0.12180989354214147       0.11085528540281717       0.11535075128244580     
 AVE   0.0000000000000000        0.0000000000000000        0.0000000000000000        0.0000000000000000     
 AVE  0.13733585295584416       0.12180989354214147       0.11085528540281717       0.11535075128244580     
 AVE  0.10830469926267382        9.0925231096169609E-002  0.12886306533964356        9.4466106140310591E-002
 AVE   0.0000000000000000        0.0000000000000000        0.0000000000000000        0.0000000000000000     
 AVE  0.10830469926267382        9.0925231096169609E-002  0.12886306533964356        9.4466106140310591E-002
 AVE   9.0026700990859826E-002   6.9713497385285400E-002  0.14820879637079279       0.11169528104726653     
 AVE   0.0000000000000000        0.0000000000000000        0.0000000000000000        0.0000000000000000     
 AVE   9.0026700990859826E-002   6.9713497385285400E-002  0.14820879637079279       0.11169528104726653     
 AVE   9.6564435652156902E-002   9.9252430775598921E-002  0.16523511257868292        8.7119649202065802E-002
 AVE   0.0000000000000000        0.0000000000000000        0.0000000000000000        0.0000000000000000     
 AVE   9.6564435652156902E-002   9.9252430775598921E-002  0.16523511257868292        8.7119649202065802E-002
 AVE   5.2191420570054138E-002   9.3445446005051586E-002  0.27843627416529632        4.4109104508395891E-002
 AVE   0.0000000000000000        0.0000000000000000        0.0000000000000000        0.0000000000000000     
 AVE   5.2191420570054138E-002   9.3445446005051586E-002  0.27843627416529632        4.4109104508395891E-002
 SUM   134.46484588096249        131.29999315863049       -4.5211800657574776E-002   7.6657017348486178E-002  0.36549684327747634        4.6640721967178653E-002   0.0000000000000000        0.0000000000000000       -4.5211800657574776E-002   4.6640721967178653E-002   0.0000000000000000        0.0000000000000000        0.0000000000000000        0.0000000000000000        0.0000000000000000        0.0000000000000000        0.0000000000000000        0.0000000000000000        0.0000000000000000        0.0000000000000000        0.0000000000000000        0.0000000000000000        0.0000000000000000        0.0000000000000000        0.0000000000000000        0.0000000000000000     
 QSM   9.4047515814861917        9.4050553377558366        3.1731627164292397E-002   2.2104383896960648E-003   3.1723360719407546E-002   3.2685923761033428E-003   0.0000000000000000        0.0000000000000000        3.1731627164292397E-002   3.2685923761033428E-003   0.0000000000000000        0.0000000000000000        0.0000000000000000        0.0000000000000000        0.0000000000000000        0.0000000000000000        0.0000000000000000        0.0000000000000000        0.0000000000000000        0.0000000000000000        0.0000000000000000        0.0000000000000000        0.0000000000000000        0.0000000000000000        0.0000000000000000        0.0000000000000000     
 SPE      131072           2      129231
 AVE   5.0000000000000001E-003   6.8516300818105169E-002
