  0.00000464948060960  0.00000768833734603  0.00001238310984603  0.00001764394175047
  0.00002266589801289  0.00002753497128917  0.00003242745991535  0.00003737189594189
  0.00004225036346234  0.00004698850079182  0.00005165832963999  0.00005629984643854
  0.00006100136433297  0.00006586047034139  0.00007086543786155  0.00007594624540782
  0.00008105804316206  0.00008633657649971  0.00009171680605410  0.00009717463378017
  0.00010270885302418  0.00010832250568199  0.00011398571155432  0.00011967075572924
  0.00012543202428426  0.00013140369239098  0.00013744510186735  0.00014359179160903
  0.00014982243082119  0.00015610393107029  0.00016236173156352  0.00016869854933646
  0.00017535172089888  0.00018224508372708  0.00018929172192756  0.00019662864628991
  0.00020424178561964  0.00021192721671069  0.00021994286809876  0.00022815769177684
  0.00023662963432698  0.00024559811729355  0.00025494314222691  0.00026475672642008
  0.00027512009148851  0.00028587667417824  0.00029696976445328  0.00030861913953547
  0.00032031272716806  0.00033275873050555  0.00034553080863332  0.00035891278697577
  0.00037291881955530  0.00038711076936923  0.00040192856545969  0.00041784192281199
  0.00043462770248721  0.00045269645068976  0.00047156908155418  0.00049125684313543
  0.00051174585895217  0.00053259308924765  0.00055567786064449  0.00057922896775768
  0.00060555346332998  0.00063371956734093  0.00066388214578519  0.00069549975024875
  0.00072896088411669  0.00076420445109629  0.00080266671180050  0.00084390657414548
  0.00088975551257009  0.00094003105841966  0.00099385815889463  0.00105039390756510
  0.00111145696235364  0.00117629283691987  0.00124711338158267  0.00132688876194398
  0.00141806336477173  0.00151727868593076  0.00162499465466491  0.00174021737799074
  0.00187891522022928  0.00203896769650494  0.00221765349190137  0.00244434198250986
  0.00269763809513342  0.00304727767903920  0.00351580278343514  0.00411406193106937
  0.00485497039787785  0.00563349805584256  0.15795544386715166  1.00000000000000000
 -0.00231625910062290  0.00936702376881804  0.01931775913093908  0.02947085211407322
  0.03987700649357534  0.05010485145245613  0.06065736512326616  0.07068519306704822
  0.08076037460605529  0.09076197421614418  0.10080757622185871  0.11100228358947695
  0.12118006810047544  0.13146534092676293  0.14210499759030160  0.15282830805789707
  0.16363706594145838  0.17429854173788073  0.18489718943283387  0.19561220877263577
  0.20641343909797266  0.21719364898056803  0.22774938119815877  0.23867780500382893
  0.24966807488294593  0.26022353076363286  0.27067616011667162  0.28117958288811556
  0.29176482399789760  0.30229848279304966  0.31273305436516152  0.32308670534521738
  0.33319493200389205  0.34345651582516173  0.35377556517986064  0.36435105982445370
  0.37525395259305239  0.38669688364673876  0.39806995996042982  0.40866338415914705
  0.41935693361306342  0.42979940939398187  0.44020154490579050  0.45048407374750155
  0.46077598902471789  0.47123354307948140  0.48155177570398072  0.49221916503345020
  0.50297948709975471  0.51401541740914836  0.52506479380328130  0.53642701953835858
  0.54766321888328118  0.55858499875639711  0.56917677692903768  0.57978443581894501
  0.59029281167847780  0.60069716035409471  0.61094328654545771  0.62118657509981445
  0.63145995917182640  0.64173912068911287  0.65197954511401202  0.66233541892229075
  0.67279897337269245  0.68339778044407473  0.69393808383312616  0.70432643818761687
  0.71456561554762954  0.72496050014530100  0.73519405269723170  0.74556992451195681
  0.75602893197889109  0.76672657956532908  0.77731909238618357  0.78804868416576768
  0.79905422488084599  0.81042072926442454  0.82146699134076162  0.83225099557850835
  0.84258835345863081  0.85276570816916430  0.86301625245771019  0.87346474763798820
  0.88373193636667668  0.89378068100568697  0.90388635587810040  0.91394186597850147
  0.92399175213534079  0.93420320168919990  0.94478969920357236  0.95565553156985006
  0.96630771958757111  0.97703302199406805  0.98837543439204378  1.00000000000000000
 -0.00295937519468569  0.02073403718914531  0.03830192586267962  0.05365290738310192
  0.06765659628759088  0.08052448824695246  0.09265081065240853  0.10403927998436889
  0.11491969377502603  0.12554942104775318  0.13612424899244541  0.14648645947078501
  0.15666450292762807  0.16652842324558653  0.17610941577393791  0.18559004484099367
  0.19506901951647207  0.20440300216428087  0.21353260656096770  0.22256538139427134
  0.23167549945786242  0.24073103051494685  0.24958046726789179  0.25834337468651108
  0.26705283259584112  0.27574409059257771  0.28446049009675878  0.29325510176763020
  0.30209678460690698  0.31084260685084458  0.31948944573152882  0.32795550922336875
  0.33640424905581462  0.34475332295872813  0.35337401754504044  0.36186548128560297
  0.37049651180979298  0.37897247465295947  0.38719434045399587  0.39520563097415112
  0.40312456595497043  0.41107659278755099  0.41899912455954164  0.42674157478904939
  0.43441271235629381  0.44200862775082467  0.44953147603817051  0.45717394700965625
  0.46486604231460116  0.47249662313448298  0.47999526982033558  0.48737787227328927
  0.49484433745939904  0.50263467931006645  0.51089261178544521  0.51931824284658590
  0.52755252213680215  0.53552848926466579  0.54340457650864993  0.55113617766202572
  0.55916665253928755  0.56732040079830337  0.57536999996790028  0.58342324977608273
  0.59156097793641016  0.59979428819164105  0.60836714242901169  0.61710405678768632
  0.62587191773322670  0.63466227388091823  0.64348439926736389  0.65236077138425652
  0.66126950749540370  0.67023023692646855  0.67930269570388302  0.68853232562990541
  0.69799738139276524  0.70775185234598992  0.71781437559685313  0.72810835851707612
  0.73851001219977763  0.74904201756682876  0.75965331713532169  0.77037703908292199
  0.78140583730926172  0.79278467758868010  0.80458199390767171  0.81713499337666462
  0.83065078470225584  0.84508862969925935  0.86038842907826119  0.87644921921131647
  0.89430593072970943  0.91568211345157524  0.94603313272866441  1.00000000000000000
 -0.02028010038888468  0.12428749152781340  0.16226543992577913  0.18523094233698567
  0.20327488677720870  0.21896694784570900  0.23290804847235458  0.24533388044642992
  0.25639473187865580  0.26659055560729311  0.27585512540173490  0.28454734859814829
  0.29299848682306456  0.30127552402681990  0.30932767034924102  0.31690777338482273
  0.32417886638444388  0.33126647740103993  0.33815225664288795  0.34492264176172771
  0.35160945919038106  0.35805385487986247  0.36426888032798482  0.37031645308865702
  0.37622578959584080  0.38203186340315165  0.38781829110932309  0.39359818468220764
  0.39927053874045082  0.40479241906258984  0.41020922666015130  0.41557129318607788
  0.42088663994974196  0.42607072090793563  0.43127938254401593  0.43636786792043297
  0.44158027127855315  0.44688304797119321  0.45217257852816828  0.45740199721764069
  0.46252877998023345  0.46755003735821576  0.47250372941607366  0.47744294367365941
  0.48237515054458641  0.48724211526110633  0.49211074084522038  0.49703606022837005
  0.50201947343192788  0.50711844761767388  0.51228636746869582  0.51744917771387289
  0.52263473102847324  0.52787645706194930  0.53313745920945910  0.53837284926498374
  0.54362633573870278  0.54890596378423429  0.55407401957490321  0.55951930210608347
  0.56489279915098789  0.57039390378967247  0.57585142900902020  0.58127281858776791
  0.58667232310973250  0.59200847161376668  0.59733722946405066  0.60273161191218927
  0.60823573003123377  0.61389104747705048  0.61956276133170163  0.62522973595884834
  0.63105531814326665  0.63698218752991231  0.64304112212259024  0.64923629474777966
  0.65579668624321796  0.66253166304421840  0.66953295705861560  0.67673483262506395
  0.68415273787708097  0.69191143428714608  0.69980606672724854  0.70787971010303241
  0.71662795005313251  0.72578311106808657  0.73565147405080811  0.74602791428576398
  0.75730992741512948  0.76966724449967572  0.78325695043831201  0.79867002331583059
  0.81707203069887724  0.84050222979051215  0.87880752283739916  1.00000000000000000
   4.5711672669952234E-011  -1.0000000000000000     
 F F F F F F F F F F F F F F F F
  <DiscreteSampler_grid>
  grouped_processes
  1 # 1 for a reference and 2 for a running grid.
  10 # Attribute 'min_bin_probing_points' of the grid.
  1 # Attribute 'grid_mode' of the grid. 1=='default',2=='initialization'
  0.0000000000000000 # Attribute 'small_contrib_threshold' of the grid.
  0.5000000000000000 # Attribute 'damping_power' of the grid.
 # binID   n_entries weight   weight_sqr   abs_weight
    10   10   5.378992456220915E+000   2.402017891358937E+002   5.378992456220915E+000
    16   10   5.378992456220913E+000   2.402017891358935E+002   5.378992456220913E+000
  </DiscreteSampler_grid>
