 AVE   0.0000000000000000        0.0000000000000000        0.0000000000000000        0.0000000000000000        0.0000000000000000        0.0000000000000000        0.0000000000000000     
 AVE   4.0337543190246877E-002   3.1446684112106674E-002   2.5419978522380354E-002  0.19510502050703549       0.15479042028855100        8.0320157502956194E-002   3.1082491096508638E-002
 AVE   7.8485704324999739E-002   6.2996107231039641E-002   4.9030302109745440E-002  0.25291436438631387       0.24565426337267024       0.13002939229109803        6.3232533776196476E-002
 AVE  0.11245975743527302        9.4596659782917009E-002   7.1226065173872213E-002  0.28545735021282331       0.30787960992216912       0.16546133081671277        9.7118202639591061E-002
 AVE  0.14716864658348977       0.12576722536109344        9.4441397645512251E-002  0.31340926808424563       0.35804028031733848       0.19601663874375808       0.12795481048594981     
 AVE  0.18141257536556285       0.15644553581889686       0.11650636828234752       0.33974667906964406       0.40148821318069799       0.22363185898856622       0.15769847671162296     
 AVE  0.21044483159802477       0.18720533140689993       0.13856650607758131       0.35947925165112060       0.44121095442795644       0.25169960234665767       0.18733489142627224     
 AVE  0.23719782385793153       0.21909978468353669       0.16089788515239775       0.37413076290929126       0.48079530540133653       0.28008080519218898       0.21721929012701113     
 AVE  0.26744343456845965       0.25241070647121538       0.18546220547471409       0.38872589156896553       0.51678333157557421       0.30627422036472912       0.24969713837242569     
 AVE  0.30022458112200529       0.28627541007820384       0.21027540272469969       0.40282544103004464       0.54940493172924720       0.32923389448890905       0.28401506303289742     
 AVE  0.33343695985762500       0.32082317343117017       0.23257364701977110       0.41701687490760070       0.57921731874046445       0.35382489809245254       0.31927581479532285     
 AVE  0.36659801626782890       0.35235468192148839       0.25352578152420713       0.43104242398156228       0.60639591254894809       0.37947745296804047       0.35398784641696357     
 AVE  0.40140261151966966       0.38446445983699379       0.27414471779939048       0.44442593488105875       0.63206484927073026       0.40499052601632407       0.38750048856376551     
 AVE  0.43608859547545986       0.41670149146519320       0.29512627984510348       0.45755041079325753       0.65469295987215981       0.43174152530529447       0.42056696515122993     
 AVE  0.46900448757896857       0.44674246088106057       0.31914484103458718       0.47087057370717461       0.67780455574439336       0.45795967358524264       0.45356109792621691     
 AVE  0.49908472810097143       0.47503732764894696       0.34440132517489419       0.48471829982403430       0.70196551783410654       0.48499244258958518       0.48652530014094714     
 AVE  0.52626754283873833       0.50423101283253546       0.37064546213850036       0.49891328216857439       0.72415073435936517       0.51555056888294115       0.51861077368521835     
 AVE  0.55258755512580326       0.53305061679040544       0.39679636273605579       0.51214192672151382       0.74669942437849468       0.54753178779141098       0.55001649022803079     
 AVE  0.57780316085066818       0.56227891160648624       0.42242503560426464       0.52475090066979835       0.76791588109945697       0.57885946482686945       0.57873359920622025     
 AVE  0.60302810940190488       0.59110362676282979       0.44828304716584588       0.53760131677362211       0.78812688384164353       0.60913694845296840       0.60652044492237311     
 AVE  0.62852609008884830       0.62116718556687911       0.47271261165626832       0.55163129480217343       0.80509258078068158       0.64045095969767796       0.63548881526903811     
 AVE  0.65612163365130627       0.65335089445804528       0.50101983627300473       0.56734485169392501       0.82185955855414883       0.67190266750431504       0.66422587189476712     
 AVE  0.68418639961341410       0.68474431386666668       0.52763394641337502       0.58273502113576303       0.83877456838606923       0.70998915529837214       0.69210533466805502     
 AVE  0.71274584076604963       0.71893673385015733       0.55378358404138373       0.59702576043154820       0.85583057131754570       0.75007712775795132       0.72004444467872419     
 AVE  0.74065923106464882       0.75183099514283802       0.58262362514237176       0.61109436261978956       0.87218742020674778       0.79093513955206829       0.74879764678099270     
 AVE  0.76982699022812939       0.78204384332421195       0.61269689220237000       0.62582477123788216       0.88758884716806719       0.82398591801093368       0.77975854749212836     
 AVE  0.80263233780706134       0.81286744139012068       0.64426933856327573       0.64224044626137078       0.90236019963726355       0.85526993643518834       0.80976491488937874     
 AVE  0.83759200665966327       0.84219420505478371       0.67663300486495603       0.66261375874404016       0.91584615466257535       0.88274674465097747       0.84137547909713728     
 AVE  0.87387834912094076       0.87686289058159339       0.71397980469967837       0.68818831569392491       0.93043232384305519       0.90916681998179794       0.87269805408249068     
 AVE  0.91037820314153850       0.90777538357800136       0.75648364503345655       0.71703760320213206       0.94559825393346375       0.93533433027816193       0.90560440489840299     
 AVE  0.94265278541442776       0.93729616229612966       0.80597314982338408       0.74983338749975592       0.96175858519746038       0.95950755328980297       0.93757680391487630     
 AVE  0.97181074071264317       0.96749235717537141       0.87458716213744392       0.80120098995515965       0.98036916666956997       0.98048214990154137       0.96735243827662731     
 AVE   1.0000000000000000        1.0000000000000000        1.0000000000000000        1.0000000000000000        1.0000000000000000        1.0000000000000000        1.0000000000000000     
 AVE  0.22967014230201158       0.26986539985350610       0.34376358931787887       0.27276288355980571     
 AVE   0.0000000000000000        0.0000000000000000        0.0000000000000000        0.0000000000000000     
 AVE  0.22967014230201158       0.26986539985350610       0.34376358931787887       0.27276288355980571     
 AVE  0.24361958909868070       0.24893891289697537       0.25808483897242429       0.38054180228132262     
 AVE   0.0000000000000000        0.0000000000000000        0.0000000000000000        0.0000000000000000     
 AVE  0.24361958909868070       0.24893891289697537       0.25808483897242429       0.38054180228132262     
 AVE  0.28151858133140872       0.26412398323927777       0.23818409176657437       0.26331006617166836     
 AVE   0.0000000000000000        0.0000000000000000        0.0000000000000000        0.0000000000000000     
 AVE  0.28151858133140872       0.26412398323927777       0.23818409176657437       0.26331006617166836     
 AVE  0.27568239830419511       0.27996355497956982       0.22071108346801535       0.25275029050831604     
 AVE   0.0000000000000000        0.0000000000000000        0.0000000000000000        0.0000000000000000     
 AVE  0.27568239830419511       0.27996355497956982       0.22071108346801535       0.25275029050831604     
 AVE  0.27962829325932292       0.25097637828430291       0.22934731602716785       0.25895600443660521     
 AVE   0.0000000000000000        0.0000000000000000        0.0000000000000000        0.0000000000000000     
 AVE  0.27962829325932292       0.25097637828430291       0.22934731602716785       0.25895600443660521     
 AVE  0.30282712582611221       0.24966785195267102       0.24709557002787252       0.23671358724123484     
 AVE   0.0000000000000000        0.0000000000000000        0.0000000000000000        0.0000000000000000     
 AVE  0.30282712582611221       0.24966785195267102       0.24709557002787252       0.23671358724123484     
 AVE  0.23492958099777320       0.26641359406323595       0.27072928225518578       0.30350544246109512     
 AVE   0.0000000000000000        0.0000000000000000        0.0000000000000000        0.0000000000000000     
 AVE  0.23492958099777320       0.26641359406323595       0.27072928225518578       0.30350544246109512     
 AVE  0.20212951284067682       0.28217469136238976       0.27956902361339681       0.28330353179444451     
 AVE   0.0000000000000000        0.0000000000000000        0.0000000000000000        0.0000000000000000     
 AVE  0.20212951284067682       0.28217469136238976       0.27956902361339681       0.28330353179444451     
 SUM   10.407276418214419       -4.9677084330440628      -0.25226106704840551        1.7123945170834882E-002  0.93017491653899109        1.3014666095835710        0.0000000000000000        0.0000000000000000      -0.25226106704840551        1.3014666095835710        0.0000000000000000        0.0000000000000000        0.0000000000000000        0.0000000000000000        0.0000000000000000        0.0000000000000000        0.0000000000000000        0.0000000000000000        0.0000000000000000        0.0000000000000000        0.0000000000000000        0.0000000000000000        0.0000000000000000        0.0000000000000000        0.0000000000000000        0.0000000000000000     
 QSM  0.42769087801997857       0.42956789131388107       0.13429504767158232        2.1319762820389094E-003  0.13426539352008909       0.19293088873372832        0.0000000000000000        0.0000000000000000       0.13429504767158232       0.19293088873372832        0.0000000000000000        0.0000000000000000        0.0000000000000000        0.0000000000000000        0.0000000000000000        0.0000000000000000        0.0000000000000000        0.0000000000000000        0.0000000000000000        0.0000000000000000        0.0000000000000000        0.0000000000000000        0.0000000000000000        0.0000000000000000        0.0000000000000000        0.0000000000000000     
 SPE       26244           2         540
 AVE   4.2933875853324116E-002  0.25188568481851875     
 AVE   0.0000000000000000        0.0000000000000000        0.0000000000000000        0.0000000000000000        0.0000000000000000        0.0000000000000000        0.0000000000000000     
 AVE   2.7503420026125332E-002   3.4652826398592636E-002   4.8473455157100089E-002  0.16991216261298231        5.7562945285747132E-002   7.0420133876914440E-002   3.5741148676028324E-002
 AVE   5.5582216760326729E-002   7.1500600365990361E-002   8.5990574830312444E-002  0.23636923147322178        9.8716975565501630E-002  0.12953580180558258        7.4196967619269888E-002
 AVE   8.8258108162293569E-002  0.10344624724606813       0.11361980891610640       0.26978273439554806       0.12965255633386519       0.18000963045985713       0.10488581152814580     
 AVE  0.12004214950814303       0.13397670418948343       0.13767590132478869       0.29790429171389654       0.15702276052611364       0.22433118518367701       0.13608060406847891     
 AVE  0.14970024337552981       0.16553299300145530       0.15991344462305576       0.31974130527576888       0.18161992223814979       0.26213092160543644       0.16933404481052797     
 AVE  0.17939392881740232       0.19838254335253899       0.18160317713728533       0.34186727250100835       0.20610303808320762       0.29521621574686258       0.20246550775357344     
 AVE  0.21021154021169031       0.22950353062244416       0.20323544593399456       0.35971386288126028       0.23076920504214382       0.32578556162655309       0.23390158085675194     
 AVE  0.24119650665611542       0.25960030731674644       0.22453448228533462       0.37687075129233960       0.25306644492437558       0.35338072775416779       0.26499808726969731     
 AVE  0.27354055170704517       0.29133870265704659       0.24393257764627319       0.39116496246530846       0.27478721227488850       0.37803420173440372       0.29566724607252942     
 AVE  0.30559600347268834       0.32348071668585698       0.26308437975121984       0.40652266045498775       0.29558411281167640       0.40099518618853403       0.32655125526119144     
 AVE  0.33831815052000147       0.35853135835331390       0.28304015054073223       0.42190870118804630       0.31760249902997922       0.42280584870619570       0.35373158382266379     
 AVE  0.37200549565804075       0.39319953668408042       0.30363893510249407       0.43811714640468458       0.33929815250233408       0.44429249866802339       0.38229497455614336     
 AVE  0.40441676913901031       0.42623729349923312       0.32461424601197281       0.45356620631308708       0.36092026510251962       0.46426933507093160       0.41384420866864763     
 AVE  0.43736745297747182       0.45903002823446770       0.34516405646884579       0.46850204738553053       0.38256756416971055       0.48365786218222867       0.44611277013506817     
 AVE  0.47297801084421398       0.48829439723323498       0.36543992742230563       0.48337798071454757       0.40709101763433458       0.50241775077907191       0.47874344617257081     
 AVE  0.50914315238615848       0.51509855051002118       0.38576638433103078       0.49784502779249057       0.43055332739641894       0.52031922696862332       0.51009120802118069     
 AVE  0.54123580768055390       0.54475525214773168       0.40636422922526183       0.51255829322663027       0.45561463792206358       0.53766949786803853       0.53920991473849911     
 AVE  0.57618967525265030       0.57553001233906476       0.42720245481643421       0.52789252283640142       0.48101158985415010       0.55453445982354366       0.56922959944472740     
 AVE  0.60995492596233558       0.60579890849330575       0.44772394172733559       0.54306354496453269       0.50615857605755554       0.57193125850616244       0.60087316752534903     
 AVE  0.64265127347736706       0.63649280826382992       0.46856129398436941       0.55835500785826908       0.53294083317611762       0.58943207727090707       0.63282855032283436     
 AVE  0.67502726881480657       0.66730906787080035       0.49011619084172514       0.57370734692907821       0.56133043067519595       0.60494811790593794       0.66457903035580002     
 AVE  0.70656618977079177       0.69948150960732125       0.51236961067876863       0.58918917702581985       0.59175603581516678       0.61909120911677018       0.69522975516122754     
 AVE  0.73490901496043126       0.73057104344155543       0.53553362670072280       0.60558299365980239       0.62361818324020668       0.63410606219329824       0.72675665408393197     
 AVE  0.76424608650283643       0.76203420499242114       0.55974696774983956       0.62306409032597410       0.65561967841750923       0.64996662614188971       0.75993173385507296     
 AVE  0.79256555557663966       0.79170766510322776       0.58478327539465624       0.64121988077538750       0.68591612713096795       0.66472377548032691       0.79258557918531214     
 AVE  0.82128577396310176       0.81998486613018973       0.61154328747978315       0.66021127673198521       0.71848992957862901       0.68117149146777922       0.82256145089258792     
 AVE  0.85129530526368513       0.85232237631577146       0.64047677833975203       0.68082438036740389       0.75603588551515311       0.70357126291893346       0.85230822874836576     
 AVE  0.88310471697614368       0.88255066070490851       0.67236117904942660       0.70425976137103374       0.80261169910036978       0.73569356741494096       0.88224340386647948     
 AVE  0.91316146701717626       0.91191962905234902       0.71105925873047848       0.73085400467423556       0.85325527658190059       0.80806204257338854       0.91253159710999976     
 AVE  0.94016403587343678       0.93841566730729187       0.75642093298872526       0.76372041062727791       0.90201745009114975       0.88724874506353879       0.94267159285851243     
 AVE  0.96925673369985110       0.96959087269107092       0.83657113268141248       0.82257989279153831       0.95095455230361259       0.95012815974877551       0.97169092385803757     
 AVE   1.0000000000000000        1.0000000000000000        1.0000000000000000        1.0000000000000000        1.0000000000000000        1.0000000000000000        1.0000000000000000     
 AVE  0.18976282336874650       0.21724589985190304       0.31847399164026780       0.23032286974381894     
 AVE   0.0000000000000000        0.0000000000000000        0.0000000000000000        0.0000000000000000     
 AVE  0.18976282336874650       0.21724589985190304       0.31847399164026780       0.23032286974381894     
 AVE  0.23316233831472974       0.24120815766092796       0.29251637889565191       0.23570440675458487     
 AVE   0.0000000000000000        0.0000000000000000        0.0000000000000000        0.0000000000000000     
 AVE  0.23316233831472974       0.24120815766092796       0.29251637889565191       0.23570440675458487     
 AVE  0.24864777698883003       0.25694160317215531       0.21746900905681921       0.25886468301439897     
 AVE   0.0000000000000000        0.0000000000000000        0.0000000000000000        0.0000000000000000     
 AVE  0.24864777698883003       0.25694160317215531       0.21746900905681921       0.25886468301439897     
 AVE  0.26798608794635054       0.23203570963777204       0.24334796601378067       0.25174248287273276     
 AVE   0.0000000000000000        0.0000000000000000        0.0000000000000000        0.0000000000000000     
 AVE  0.26798608794635054       0.23203570963777204       0.24334796601378067       0.25174248287273276     
 AVE  0.27944901887528079       0.19792440592193342       0.24107822459894171       0.23459912106223874     
 AVE   0.0000000000000000        0.0000000000000000        0.0000000000000000        0.0000000000000000     
 AVE  0.27944901887528079       0.19792440592193342       0.24107822459894171       0.23459912106223874     
 AVE  0.28554101260361547       0.25406454050973176       0.23371917701804232       0.27286880356086274     
 AVE   0.0000000000000000        0.0000000000000000        0.0000000000000000        0.0000000000000000     
 AVE  0.28554101260361547       0.25406454050973176       0.23371917701804232       0.27286880356086274     
 AVE  0.24971334065866135       0.22425793906965349       0.24593752075941364       0.19721230205970394     
 AVE   0.0000000000000000        0.0000000000000000        0.0000000000000000        0.0000000000000000     
 AVE  0.24971334065866135       0.22425793906965349       0.24593752075941364       0.19721230205970394     
 AVE  0.18376500368371582       0.24505906961135121       0.26328198786321000       0.24034383274210905     
 AVE   0.0000000000000000        0.0000000000000000        0.0000000000000000        0.0000000000000000     
 AVE  0.18376500368371582       0.24505906961135121       0.26328198786321000       0.24034383274210905     
 SUM   40.679008827881681        27.182628047465347       -5.8892576689101105E-002   4.9978709721103954E-003  0.54213975336118991        8.9089417313712629E-002   0.0000000000000000        0.0000000000000000       -5.8892576689101105E-002   8.9089417313712629E-002   0.0000000000000000        0.0000000000000000        0.0000000000000000        0.0000000000000000        0.0000000000000000        0.0000000000000000        0.0000000000000000        0.0000000000000000        0.0000000000000000        0.0000000000000000        0.0000000000000000        0.0000000000000000        0.0000000000000000        0.0000000000000000        0.0000000000000000        0.0000000000000000     
 QSM  0.96390587014464812       0.97288865408226910       0.19530120945544671        1.0794188359004842E-003  0.19528834178646726        2.6633377040363490E-002   0.0000000000000000        0.0000000000000000       0.19530120945544671        2.6633377040363490E-002   0.0000000000000000        0.0000000000000000        0.0000000000000000        0.0000000000000000        0.0000000000000000        0.0000000000000000        0.0000000000000000        0.0000000000000000        0.0000000000000000        0.0000000000000000        0.0000000000000000        0.0000000000000000        0.0000000000000000        0.0000000000000000        0.0000000000000000        0.0000000000000000     
 SPE       26244           2        2252
 AVE   5.0000000000000001E-003  0.24206350941603555     
 AVE   0.0000000000000000        0.0000000000000000        0.0000000000000000        0.0000000000000000        0.0000000000000000        0.0000000000000000        0.0000000000000000     
 AVE   6.5026061523431079E-003   3.1351436798858441E-002   3.8640274086635736E-002  0.18794054237131341       0.14456586300014931        7.4699980242744088E-002   3.1614804267908046E-002
 AVE   1.3509947375695584E-002   6.2071300412007868E-002   7.7662764351607794E-002  0.25628030771964005       0.23807365016980936       0.12312449118316414        6.5081787289831661E-002
 AVE   2.1373596986521422E-002   9.1446237509494863E-002  0.11118569909357634       0.29018896435866770       0.29194931294703458       0.15580150510276167        9.7614938027495643E-002
 AVE   2.9987777120524549E-002  0.12158520233153737       0.14565652295878184       0.31829750344406899       0.34165906943352137       0.18608761669768686       0.12707885085996484     
 AVE   3.9296794322075966E-002  0.15781625264139226       0.17672381599903325       0.34108258483692439       0.38547357552207406       0.21134001155846399       0.15822830105383173     
 AVE   4.9109909393595733E-002  0.19323919060471229       0.20721653157697145       0.36099259011281887       0.42720280282920892       0.23726580612988246       0.18932569774620900     
 AVE   5.9264887102398751E-002  0.22626474738761151       0.23661861926197489       0.37730662399679116       0.46598742875708360       0.26290141221039726       0.21866358243761147     
 AVE   6.9732690657781857E-002  0.25910558178457305       0.26766621109467459       0.39339400154293569       0.50019006176402181       0.28830500010821197       0.24950016614949358     
 AVE   8.0814045096021053E-002  0.29056574106943434       0.29635674250980609       0.40779064791162933       0.53135714965851244       0.31291512053124038       0.27973955042244308     
 AVE   9.2886052986164758E-002  0.32159176497984449       0.32537247048571599       0.42187889617958912       0.56159303693626927       0.33820901664275610       0.31073005254502117     
 AVE  0.10618752259028949       0.35098815885908030       0.35392335444843465       0.43497490074283957       0.59156945455326682       0.36494156406779887       0.34069065426712108     
 AVE  0.12123203408491849       0.38097211634770417       0.38267453278833158       0.44817187454373075       0.62066464224941953       0.39192277243828200       0.37041811202398645     
 AVE  0.13814746661154953       0.41327052977234174       0.40977461930545611       0.46092690084112919       0.64789374114785891       0.41856417954805514       0.40232539161782499     
 AVE  0.15643586731288484       0.44559492129179418       0.43767455077424566       0.47385978201917511       0.67262054887839806       0.44580320682467134       0.43442995555049341     
 AVE  0.17594066276300205       0.47669008253774708       0.46600374271381573       0.48678237832243915       0.69608522981335963       0.47451085863918752       0.46536555490102099     
 AVE  0.19706806223308215       0.50594548930818373       0.49376033700629662       0.49910634423214545       0.71870894040881939       0.50502985490300789       0.49610297237189038     
 AVE  0.22012907368182413       0.53728524694412361       0.52280455081011412       0.51120544429860482       0.74070354594182541       0.53760160221334241       0.52829083095644092     
 AVE  0.24506027751925635       0.56964031001722404       0.55145372955131067       0.52366119198000016       0.76237553071887243       0.57192504750338324       0.56143706112795033     
 AVE  0.27177619669576980       0.59972606712012699       0.57847216069314511       0.53709327512677896       0.78353752342975380       0.60630783485368323       0.59344629670739313     
 AVE  0.30141409092787697       0.62803115519404806       0.60528303064687206       0.55082108311303701       0.80368173826288247       0.64064403517418078       0.62385330362884872     
 AVE  0.33350549299310472       0.65810281075770494       0.62792683748712907       0.56477234393641007       0.82290005593795212       0.67513202983712461       0.65333476487017839     
 AVE  0.36870882748005779       0.69076002573407913       0.65099327395292428       0.57893917480569435       0.84116676379501654       0.71037710565710532       0.68368481462284192     
 AVE  0.40741337867731992       0.71973429937764932       0.67451715957639247       0.59342870522997115       0.85893267211692492       0.74534706755243751       0.71436213488773626     
 AVE  0.44720434509323298       0.74815272516955789       0.70076817933222979       0.60787728859406587       0.87604958240220598       0.78035986408382607       0.74601261102272254     
 AVE  0.49240785721871799       0.78205894301571588       0.72882683250815572       0.62454321240715349       0.89184855902530391       0.81409627669337592       0.77899892936081905     
 AVE  0.54121162769695252       0.81352291823281875       0.75529829391990810       0.64170742228383970       0.90563856699492717       0.84628924319512899       0.81142490103625042     
 AVE  0.59396591825413014       0.84659815444783892       0.78215618424986644       0.66159888850074811       0.91795348204412075       0.87579060256853092       0.84264739791797671     
 AVE  0.64967519099525284       0.87962177989751189       0.80962649160209887       0.68173603587294240       0.93209749907669248       0.90437057283045896       0.87249988936098677     
 AVE  0.71537259701710432       0.91011566529694576       0.84024323441314486       0.70683859918554137       0.94726085522397097       0.93196573814694128       0.90315415528761167     
 AVE  0.78816466474667968       0.93939889883358885       0.87006382908929303       0.73928193629632866       0.96250386764160523       0.95728359575146038       0.93461687981527919     
 AVE  0.88745448958530559       0.97051926834318791       0.92344668716858125       0.80464598543843668       0.98049911473298523       0.97855480848233412       0.96632937517167128     
 AVE   1.0000000000000000        1.0000000000000000        1.0000000000000000        1.0000000000000000        1.0000000000000000        1.0000000000000000        1.0000000000000000     
 AVE  0.18686529313101113       0.22463441878587936       0.36439134484943453       0.22645903451987273     
 AVE   0.0000000000000000        0.0000000000000000        0.0000000000000000        0.0000000000000000     
 AVE  0.18686529313101113       0.22463441878587936       0.36439134484943453       0.22645903451987273     
 AVE  0.23267554795863854       0.24010790797115528       0.25940259626583945       0.23528183587852144     
 AVE   0.0000000000000000        0.0000000000000000        0.0000000000000000        0.0000000000000000     
 AVE  0.23267554795863854       0.24010790797115528       0.25940259626583945       0.23528183587852144     
 AVE  0.26101335613124893       0.21207211786841593       0.23780255091903443       0.23299636474434812     
 AVE   0.0000000000000000        0.0000000000000000        0.0000000000000000        0.0000000000000000     
 AVE  0.26101335613124893       0.21207211786841593       0.23780255091903443       0.23299636474434812     
 AVE  0.26979795106291432       0.22309276627897312       0.22040417330503650       0.22115385274453767     
 AVE   0.0000000000000000        0.0000000000000000        0.0000000000000000        0.0000000000000000     
 AVE  0.26979795106291432       0.22309276627897312       0.22040417330503650       0.22115385274453767     
 AVE  0.28555059326026555       0.22394865622488755       0.20220025836920633       0.21915942339420977     
 AVE   0.0000000000000000        0.0000000000000000        0.0000000000000000        0.0000000000000000     
 AVE  0.28555059326026555       0.22394865622488755       0.20220025836920633       0.21915942339420977     
 AVE  0.25864338451325436       0.22512401329909010       0.21667307939460620       0.23712125622209887     
 AVE   0.0000000000000000        0.0000000000000000        0.0000000000000000        0.0000000000000000     
 AVE  0.25864338451325436       0.22512401329909010       0.21667307939460620       0.23712125622209887     
 AVE  0.24891093285744365       0.24067009827067343       0.19307175453538081       0.21372283820565727     
 AVE   0.0000000000000000        0.0000000000000000        0.0000000000000000        0.0000000000000000     
 AVE  0.24891093285744365       0.24067009827067343       0.19307175453538081       0.21372283820565727     
 AVE  0.18128917699476649       0.22338538005011965       0.21581332095540195       0.23636789492699001     
 AVE   0.0000000000000000        0.0000000000000000        0.0000000000000000        0.0000000000000000     
 AVE  0.18128917699476649       0.22338538005011965       0.21581332095540195       0.23636789492699001     
 SUM   37.507674176499584       -11.418991474727648      -0.13807422658199728       0.10909293629934579        3.6163969502999187        9.8352173356274051        0.0000000000000000        0.0000000000000000      -0.13807422658199728        9.8352173356274051        0.0000000000000000        0.0000000000000000        0.0000000000000000        0.0000000000000000        0.0000000000000000        0.0000000000000000        0.0000000000000000        0.0000000000000000        0.0000000000000000        0.0000000000000000        0.0000000000000000        0.0000000000000000        0.0000000000000000        0.0000000000000000        0.0000000000000000        0.0000000000000000     
 QSM  0.81921800660636701       0.83399634437803705       0.31974829894163037        4.3714737734717440E-003  0.31935590942998843       0.62519452357995342        0.0000000000000000        0.0000000000000000       0.31974829894163037       0.62519452357995342        0.0000000000000000        0.0000000000000000        0.0000000000000000        0.0000000000000000        0.0000000000000000        0.0000000000000000        0.0000000000000000        0.0000000000000000        0.0000000000000000        0.0000000000000000        0.0000000000000000        0.0000000000000000        0.0000000000000000        0.0000000000000000        0.0000000000000000        0.0000000000000000     
 SPE       26244           2        2072
 AVE   6.6716576741956121E-002  0.25257376393692543     
 AVE   0.0000000000000000        0.0000000000000000        0.0000000000000000        0.0000000000000000        0.0000000000000000        0.0000000000000000        0.0000000000000000     
 AVE   5.9797935439148478E-003   3.2209821720162263E-002   7.5040939290164754E-002  0.16866228931384425        5.7738686656047762E-002   6.4684668735894152E-002   3.2761760098620030E-002
 AVE   1.2093149970098376E-002   6.4670680970772734E-002  0.12944407831342350       0.23442849798913501        9.9726603324821556E-002  0.12572457229317582        6.7781369060445559E-002
 AVE   1.8834568834293484E-002   9.6298703611114492E-002  0.16763540780174463       0.26932784925409459       0.13003492524853963       0.16939186132729059        9.7734903446348748E-002
 AVE   2.5697237169791824E-002  0.12857878541912668       0.20105113792885068       0.29773213872717247       0.15890046729172511       0.21346017785937438       0.12864067280857253     
 AVE   3.3491324069787436E-002  0.15922924153592904       0.22992356500820327       0.32024899334993967       0.18466489276501624       0.24811737363992653       0.15975179022275793     
 AVE   4.1304344976961026E-002  0.18927370659370474       0.25878481169741152       0.34122510168714032       0.21023967754944467       0.28196225431377436       0.19096608429714154     
 AVE   4.9983928793488064E-002  0.21816598749415911       0.28666040661831688       0.36014303279573129       0.23465056320454281       0.31241678997487093       0.22406798078610740     
 AVE   5.8722268084020403E-002  0.24753562230166640       0.31307503979073742       0.37777902243000094       0.25902672795909609       0.34262878815573283       0.25612824106577348     
 AVE   6.8389454926970419E-002  0.27936011131144417       0.33800670295515595       0.39423411784462387       0.28241081500298898       0.36672024385272278       0.28615860758766148     
 AVE   7.8557225471917777E-002  0.31076013420408100       0.36199354893728075       0.41052480131257418       0.30567808407958658       0.39116973046984016       0.31573664634997667     
 AVE   8.9575890624342749E-002  0.34131849673447007       0.38513824591253470       0.42633517333022702       0.32738494901115711       0.41379993628355671       0.34556579915922708     
 AVE  0.10152156964967918       0.37108838253403958       0.40821141861944077       0.44105728055036852       0.34903331582397584       0.43593675531349796       0.37659548252362707     
 AVE  0.11444445609472212       0.40105054732903306       0.43130743600253812       0.45508915574493802       0.37152768439722073       0.45689776774596591       0.40844645346563668     
 AVE  0.12915258581690414       0.43092056294724845       0.45394386102690459       0.46921476444247240       0.39502047241505284       0.47728757761648138       0.43966488924579528     
 AVE  0.14440292799148435       0.46097292617900210       0.47566518077855924       0.48329326336438655       0.41938139644987593       0.49699235286619525       0.47092572461941146     
 AVE  0.16087954312948291       0.49148520470803325       0.49645243446785592       0.49720318404630431       0.44376788445410703       0.51609308716830760       0.50229523844431656     
 AVE  0.17881991271699199       0.52255891881404615       0.51677347200630530       0.51100897554919944       0.46821341404718697       0.53498046347132944       0.53222699996652467     
 AVE  0.20164791990471653       0.55423348755965496       0.53804307120558847       0.52494519366443870       0.49313809018727589       0.55319981545965202       0.56330268556977869     
 AVE  0.22565392889945587       0.58598293053886930       0.55891725437380191       0.53943773218483237       0.51925870490800574       0.57034601192071643       0.59331977267940206     
 AVE  0.25332054149441319       0.61761717786265968       0.58019007761722408       0.55426530186419032       0.54620601577084915       0.58780585194837542       0.62364355041616215     
 AVE  0.28277842601608305       0.64943211728279804       0.60175439713766277       0.56964953399992879       0.57378689562562546       0.60400233625347965       0.65521875635403060     
 AVE  0.31534439913199525       0.68045499813782329       0.62401551485831730       0.58521490168307022       0.60161399039874930       0.62042681119703202       0.68595934321021113     
 AVE  0.35169277786986952       0.71210230174513789       0.64480290147482711       0.60158555549151027       0.63060491160537668       0.63655829389083141       0.71839407228758534     
 AVE  0.39358508040109624       0.74428735132734336       0.66698482531678982       0.61821867551145815       0.66074329564488166       0.65139190498696331       0.74989728673965961     
 AVE  0.44104166991085275       0.77651142929862171       0.69125552765157727       0.63691859333117762       0.69286285546205428       0.66784392412241711       0.78148204780598496     
 AVE  0.49669748813799808       0.80812365274403741       0.71476236544067184       0.65644671651562037       0.72460132961726997       0.68515918366974748       0.81298118918319773     
 AVE  0.55936029949191612       0.83892871336332642       0.74161344213740921       0.67826944208219009       0.76075082834630781       0.71069670638571247       0.84442980121267985     
 AVE  0.62914519694952442       0.86995397126512908       0.76979043703355166       0.69935677492564274       0.80628014610200149       0.75519282188253800       0.87611264081963669     
 AVE  0.70707155315083270       0.90145116355437294       0.80504784957964659       0.72802031388121702       0.85792053438046756       0.83840364237475862       0.90747875431209835     
 AVE  0.78952896906923387       0.93326118198243024       0.84508551505700613       0.76154772917672697       0.90775561613537281       0.92419729343055024       0.93800009896008474     
 AVE  0.88872208979484235       0.96721825813923434       0.90325983630286133       0.83315605456987119       0.95421117217022777       0.96752789113437454       0.96873214974993527     
 AVE   1.0000000000000000        1.0000000000000000        1.0000000000000000        1.0000000000000000        1.0000000000000000        1.0000000000000000        1.0000000000000000     
 AVE  0.19946109369320167       0.25469636173273119       0.39436676104378704       0.24678871440755415     
 AVE   0.0000000000000000        0.0000000000000000        0.0000000000000000        0.0000000000000000     
 AVE  0.19946109369320167       0.25469636173273119       0.39436676104378704       0.24678871440755415     
 AVE  0.21913086958588382       0.22715217732382248       0.27711587369437596       0.24051031771359746     
 AVE   0.0000000000000000        0.0000000000000000        0.0000000000000000        0.0000000000000000     
 AVE  0.21913086958588382       0.22715217732382248       0.27711587369437596       0.24051031771359746     
 AVE  0.28927170466738628       0.19189101982726703       0.24541986955598968       0.22172328612833986     
 AVE   0.0000000000000000        0.0000000000000000        0.0000000000000000        0.0000000000000000     
 AVE  0.28927170466738628       0.19189101982726703       0.24541986955598968       0.22172328612833986     
 AVE  0.28240998944658791       0.23816455399536055       0.19685185948331610       0.23855699685815610     
 AVE   0.0000000000000000        0.0000000000000000        0.0000000000000000        0.0000000000000000     
 AVE  0.28240998944658791       0.23816455399536055       0.19685185948331610       0.23855699685815610     
 AVE  0.26962678627977804       0.25279074399187462       0.21988414755886118       0.22371338900226498     
 AVE   0.0000000000000000        0.0000000000000000        0.0000000000000000        0.0000000000000000     
 AVE  0.26962678627977804       0.25279074399187462       0.21988414755886118       0.22371338900226498     
 AVE  0.26206910842200604       0.19885782234105909       0.20697385056160075       0.22917407885864768     
 AVE   0.0000000000000000        0.0000000000000000        0.0000000000000000        0.0000000000000000     
 AVE  0.26206910842200604       0.19885782234105909       0.20697385056160075       0.22917407885864768     
 AVE  0.22321071231906989       0.25429344204620946       0.23243083813876403       0.20801293673543000     
 AVE   0.0000000000000000        0.0000000000000000        0.0000000000000000        0.0000000000000000     
 AVE  0.22321071231906989       0.25429344204620946       0.23243083813876403       0.20801293673543000     
 AVE  0.18650292763833248       0.23014995434628685       0.34979220966495822       0.21785884435326622     
 AVE   0.0000000000000000        0.0000000000000000        0.0000000000000000        0.0000000000000000     
 AVE  0.18650292763833248       0.23014995434628685       0.34979220966495822       0.21785884435326622     
 SUM   173.45105967344998        117.76982211862583        6.0252884456089485E-002   2.3861757637156440E-002   2.5073075352939629       0.49154927371829438        0.0000000000000000        0.0000000000000000        6.0252884456089485E-002  0.49154927371829438        0.0000000000000000        0.0000000000000000        0.0000000000000000        0.0000000000000000        0.0000000000000000        0.0000000000000000        0.0000000000000000        0.0000000000000000        0.0000000000000000        0.0000000000000000        0.0000000000000000        0.0000000000000000        0.0000000000000000        0.0000000000000000        0.0000000000000000        0.0000000000000000     
 QSM   2.2686123342248132        2.3362274489626187       0.42064758225018217        2.2784311688737878E-003  0.42050642404327210        9.4918226785814366E-002   0.0000000000000000        0.0000000000000000       0.42064758225018217        9.4918226785814366E-002   0.0000000000000000        0.0000000000000000        0.0000000000000000        0.0000000000000000        0.0000000000000000        0.0000000000000000        0.0000000000000000        0.0000000000000000        0.0000000000000000        0.0000000000000000        0.0000000000000000        0.0000000000000000        0.0000000000000000        0.0000000000000000        0.0000000000000000        0.0000000000000000     
 SPE       26244           2        9605
 AVE   5.0000000000000001E-003  0.23136151978199909     
 AVE   0.0000000000000000        0.0000000000000000        0.0000000000000000        0.0000000000000000        0.0000000000000000        0.0000000000000000        0.0000000000000000     
 AVE   5.8170641347188180E-003   3.1059456618299692E-002   4.3791586032238698E-002  0.19548734215187097       0.14296857203641103        6.6609412956440628E-002   2.9382830774057542E-002
 AVE   1.1951096350837217E-002   6.0807557570078365E-002   8.8499583571546192E-002  0.26543722212367832       0.23086449509452919       0.11616676606352942        6.0049473030813469E-002
 AVE   1.9036305984275349E-002   8.9862063419646240E-002  0.12231709258839639       0.29678692963524411       0.29309032758951492       0.14932407544744503        9.1904484134764541E-002
 AVE   2.6613058405663654E-002  0.11895508107714473       0.15702791313249520       0.32317380900785614       0.34585162616436499       0.18196404505562622       0.12142117363811952     
 AVE   3.4966644025260583E-002  0.14962418306077024       0.18968300224381573       0.34376296139833912       0.39255973407939831       0.20966376174155413       0.15262971199286951     
 AVE   4.3747759318039266E-002  0.17974761995356187       0.22173822460547943       0.36318250023763243       0.43390794921817910       0.23825274045942585       0.18287841407896319     
 AVE   5.3196760314938252E-002  0.21000878124828765       0.25292139527076452       0.38030159957079568       0.47128161772832705       0.26483319101050867       0.21440790897677378     
 AVE   6.3760017722352458E-002  0.24066242857278750       0.28399683560683209       0.39754726982971739       0.50568578625919147       0.29157870824628940       0.24492072681011925     
 AVE   7.5464292119716239E-002  0.27084263787562290       0.31219093866922132       0.41157394336462244       0.53807934508858857       0.31798512846874694       0.27723084824295469     
 AVE   8.7936661483862893E-002  0.30277047544020053       0.34124274996650072       0.42591802568058063       0.56934987171081031       0.34498766175179729       0.30850461646531113     
 AVE  0.10107177834105706       0.33504093637136367       0.36931966407416067       0.43978676857908616       0.59791178363467812       0.37187868835870774       0.34075686185514931     
 AVE  0.11554654554326300       0.36717844324251325       0.39668884156741274       0.45314701571742555       0.62576864863066561       0.39906093195826142       0.37194809559610797     
 AVE  0.13222084282245675       0.39896265413905141       0.42461365695751463       0.46597638570695843       0.65004348009069357       0.42807538534134371       0.40374328666220882     
 AVE  0.15095584439144011       0.43223644816919027       0.45214152351746373       0.47860060490542455       0.67536544339450721       0.45841302174141058       0.43591864192265578     
 AVE  0.17054786857991475       0.46302371460704239       0.48063113433492566       0.49130456821864366       0.69966099536398529       0.48856303586200733       0.46936180525096460     
 AVE  0.19092768551273429       0.49580516006159087       0.50902866838149974       0.50420685605176518       0.72282808898362128       0.51998869457626407       0.50204627719421291     
 AVE  0.21301153912845436       0.52668779863791571       0.53584942728374896       0.51700516488195181       0.74461072348509216       0.55548550816946596       0.53376173033025409     
 AVE  0.23767398912155213       0.55884322774980444       0.56315316734585985       0.52939307787091172       0.76557212886721648       0.59118503570937231       0.56474846268581569     
 AVE  0.26525169479704414       0.58999490231801721       0.58890110500849679       0.54281885980445999       0.78585893173104882       0.62771516708414432       0.59593065477216189     
 AVE  0.29521494940405935       0.62194371408640137       0.61351885931513039       0.55680916033560068       0.80517417769426758       0.66207636992908681       0.62674734398251120     
 AVE  0.32803577649388138       0.65511966210991812       0.63723219293490441       0.57124463176972040       0.82337319369021922       0.69477724760507986       0.65778937078948407     
 AVE  0.36375053239169969       0.68754686343653548       0.66091618037262190       0.58614008451993826       0.84070920654770920       0.72842114449010664       0.68805283497857750     
 AVE  0.40170433096037672       0.71902952011681809       0.68564170779899913       0.60097843419081942       0.85769374105951679       0.76234901976678116       0.71880180464081767     
 AVE  0.44131790221252881       0.75242020386765684       0.71236323007356017       0.61566844525896969       0.87415021469614862       0.79632611352757954       0.75020569272388371     
 AVE  0.48511443009341837       0.78615631970367583       0.73774104765194060       0.63120566418098156       0.89008967055285637       0.82858308240027034       0.78159574952166533     
 AVE  0.53494878459537931       0.81815247904333321       0.76371605180170943       0.64741516317656322       0.90550960432560679       0.85878442648634035       0.81185370374180610     
 AVE  0.59211327101472389       0.84731595191377618       0.79019383244462937       0.66531975510557984       0.92025580059193202       0.88783859070399307       0.84193542666606158     
 AVE  0.65335362662532059       0.87673502354515764       0.81817811663085993       0.68535752398162775       0.93473600029284665       0.91389219351304551       0.87333484698782993     
 AVE  0.72424307702571611       0.90580186202693214       0.84969609083023179       0.71022115207194747       0.94806216228642293       0.93606504373944999       0.90383241394465652     
 AVE  0.79757730246569902       0.93647187841029678       0.87930774384956134       0.74332210375640240       0.96284377347894312       0.95808367267734817       0.93303159704866023     
 AVE  0.89058734514393667       0.96825363469715431       0.93037220253879782       0.80692610489081629       0.97997501005960708       0.97868548675119205       0.96591053706622254     
 AVE   1.0000000000000000        1.0000000000000000        1.0000000000000000        1.0000000000000000        1.0000000000000000        1.0000000000000000        1.0000000000000000     
 AVE  0.18835097168357695       0.22121857495888111       0.31496393781321175       0.25463499261129918     
 AVE   0.0000000000000000        0.0000000000000000        0.0000000000000000        0.0000000000000000     
 AVE  0.18835097168357695       0.22121857495888111       0.31496393781321175       0.25463499261129918     
 AVE  0.23722157882186495       0.20992935257516085       0.26641460788495974       0.21092493256226405     
 AVE   0.0000000000000000        0.0000000000000000        0.0000000000000000        0.0000000000000000     
 AVE  0.23722157882186495       0.20992935257516085       0.26641460788495974       0.21092493256226405     
 AVE  0.26496264063987618       0.21686893807856047       0.23769119134754652       0.24385781847115787     
 AVE   0.0000000000000000        0.0000000000000000        0.0000000000000000        0.0000000000000000     
 AVE  0.26496264063987618       0.21686893807856047       0.23769119134754652       0.24385781847115787     
 AVE  0.27890535079130363       0.23729982730797258       0.20624467199763385       0.22240787164039463     
 AVE   0.0000000000000000        0.0000000000000000        0.0000000000000000        0.0000000000000000     
 AVE  0.27890535079130363       0.23729982730797258       0.20624467199763385       0.22240787164039463     
 AVE  0.27913724736140805       0.21399151798130328       0.21000278692473578       0.22201196491128622     
 AVE   0.0000000000000000        0.0000000000000000        0.0000000000000000        0.0000000000000000     
 AVE  0.27913724736140805       0.21399151798130328       0.21000278692473578       0.22201196491128622     
 AVE  0.26128581412553803       0.23824368599415618       0.19830011514494922       0.22155863240775708     
 AVE   0.0000000000000000        0.0000000000000000        0.0000000000000000        0.0000000000000000     
 AVE  0.26128581412553803       0.23824368599415618       0.19830011514494922       0.22155863240775708     
 AVE  0.26109589997978100       0.24028734370521368       0.20044722076231800       0.24159206542202410     
 AVE   0.0000000000000000        0.0000000000000000        0.0000000000000000        0.0000000000000000     
 AVE  0.26109589997978100       0.24028734370521368       0.20044722076231800       0.24159206542202410     
 AVE  0.22897433965506692       0.22550558098259418       0.29734077874168002       0.29788576390795418     
 AVE   0.0000000000000000        0.0000000000000000        0.0000000000000000        0.0000000000000000     
 AVE  0.22897433965506692       0.22550558098259418       0.29734077874168002       0.29788576390795418     
 SUM   38.957357431026487       -11.052962015679929      -0.18549580627265891        6.3404628298885754E-002   3.2913344118802628        5.9474602102512719        0.0000000000000000        0.0000000000000000      -0.18549580627265891        5.9474602102512719        0.0000000000000000        0.0000000000000000        0.0000000000000000        0.0000000000000000        0.0000000000000000        0.0000000000000000        0.0000000000000000        0.0000000000000000        0.0000000000000000        0.0000000000000000        0.0000000000000000        0.0000000000000000        0.0000000000000000        0.0000000000000000        0.0000000000000000        0.0000000000000000     
 QSM  0.90381996458442937       0.91810391904474120       0.30017454896328244        3.6073256104430487E-003  0.29982224846057359       0.47227549684164144        0.0000000000000000        0.0000000000000000       0.30017454896328244       0.47227549684164144        0.0000000000000000        0.0000000000000000        0.0000000000000000        0.0000000000000000        0.0000000000000000        0.0000000000000000        0.0000000000000000        0.0000000000000000        0.0000000000000000        0.0000000000000000        0.0000000000000000        0.0000000000000000        0.0000000000000000        0.0000000000000000        0.0000000000000000        0.0000000000000000     
 SPE       26244           2        1980
 AVE   4.2812586495978709E-002  0.24102431998357088     
 AVE   0.0000000000000000        0.0000000000000000        0.0000000000000000        0.0000000000000000        0.0000000000000000        0.0000000000000000        0.0000000000000000     
 AVE   6.0036978725043931E-003   2.8608352442895623E-002   7.1989089122349581E-002  0.17516618443464499        5.9343412029884933E-002   6.3763162755808636E-002   2.9429592358644344E-002
 AVE   1.2285505329190212E-002   5.8502487889313379E-002  0.12515647248139231       0.24030632438216210       0.10317875841946683       0.11751510854448734        5.9444411654388761E-002
 AVE   1.9015208174724747E-002   9.0536388739266907E-002  0.16490021848489092       0.27665616582286512       0.13296334063108436       0.16240222476339128        9.1767373245796049E-002
 AVE   2.6093577759045986E-002  0.12000417867473881       0.20099824100372962       0.30437796869148603       0.16241874066697404       0.20162871494318216       0.12331331569596334     
 AVE   3.3838343913031602E-002  0.15005520674141284       0.23349241004591104       0.32789916758440785       0.18880486741127706       0.23711326633644272       0.15539839512698894     
 AVE   4.2408715393056781E-002  0.17934655821998705       0.26413609629021306       0.34912594937576863       0.21595101833071625       0.27071386645976842       0.18625270496088306     
 AVE   5.1784494812143894E-002  0.21040192668121943       0.29027328837330996       0.36755578627660762       0.23938951376236153       0.30199216543940327       0.21762117259087851     
 AVE   6.1855946057528470E-002  0.24150200490779772       0.31618393901810365       0.38417785518376701       0.26288680182824670       0.33120380474792244       0.25009890228044340     
 AVE   7.2538762666110618E-002  0.27275967958635577       0.34098059053122048       0.39915609270851343       0.28579232865053183       0.35799125899228168       0.28335692213673225     
 AVE   8.3921465418335284E-002  0.30240618700702682       0.36624514379421064       0.41445786871932871       0.30885045278435203       0.38307952027292408       0.31644227740835862     
 AVE   9.6205818836115314E-002  0.33184333103164287       0.39011741275658773       0.43020071513905395       0.33130156590715965       0.40718308082940496       0.34917080841322501     
 AVE  0.10959007036567675       0.36270176254749353       0.41365467634192205       0.44546688924688255       0.35309502723562142       0.42999326570823754       0.38163520349097546     
 AVE  0.12415043395243955       0.39391534324768884       0.43676991491756456       0.46049359551580576       0.37518198242200274       0.45140075467581353       0.41299663021902538     
 AVE  0.13988163372856266       0.42433588138738387       0.45971348038169824       0.47535809883394609       0.39803015687764387       0.47190770131711424       0.44429351385406884     
 AVE  0.15699345206116058       0.45393815206116228       0.48112862196525158       0.48926529015958847       0.42095589275682466       0.49171878142244752       0.47530852212618124     
 AVE  0.17595066763553707       0.48451381834590002       0.50208008181859098       0.50367205160461992       0.44395473007109032       0.51105775129005304       0.50642901382581429     
 AVE  0.19674652530519549       0.51565762930039261       0.52348074440289583       0.51767491492767481       0.46715578429419469       0.53000214991124517       0.53770773918396020     
 AVE  0.21905877695625725       0.54779322933599506       0.54422329014621984       0.53186331500027872       0.49083038769479898       0.54853781091509546       0.56914218814078110     
 AVE  0.24373209028644080       0.58018706528199293       0.56483690955236987       0.54631721817764167       0.51638379012721403       0.56649352541775588       0.60109207183651236     
 AVE  0.27185730313675416       0.61271975211379026       0.58550256178706539       0.56086036570900966       0.54348979454085422       0.58382992790619670       0.63255056304233148     
 AVE  0.30443212859757612       0.64476149051239262       0.60618031334086986       0.57598202117383379       0.57207121734112110       0.60053059599142800       0.66351687328486264     
 AVE  0.34190225220075798       0.67729517825467911       0.62778213901786450       0.59118953671694130       0.60076983435208609       0.61695312847345041       0.69355954867540570     
 AVE  0.38362428333192622       0.70954680330253717       0.65016712753468275       0.60706956753214758       0.62858610359847078       0.63324984906857151       0.72251562090079313     
 AVE  0.42715169975793410       0.74225894204774945       0.67331331475153988       0.62340933496074202       0.65636656807542881       0.64929162447614031       0.75037934292062169     
 AVE  0.47259879938384924       0.77387056088904349       0.69743749136068534       0.64173870145591316       0.68618150365056096       0.66588655314143430       0.77886348066876965     
 AVE  0.52268535353995982       0.80708334425705686       0.72207859655394291       0.66094795564113706       0.71837911940521226       0.68239055510321667       0.80881881844470083     
 AVE  0.58170102228083986       0.83991046660802526       0.74800397273307373       0.68122886734818622       0.75759597109558863       0.70438248834656603       0.84026417036752177     
 AVE  0.64917101107073827       0.87228674709347631       0.77556751285060899       0.70212074827715854       0.80291980774419436       0.73834690185453589       0.87139570521544785     
 AVE  0.72220495770924531       0.90405474652053797       0.80661820877238588       0.72764441974629823       0.85586928564352471       0.80495174044209050       0.90362863757268463     
 AVE  0.80198692841114172       0.93525704284149902       0.84297237619765653       0.75911837971418950       0.90391434837632301       0.89040722331399347       0.93503976130920885     
 AVE  0.89442229392603867       0.96654136750515929       0.89738739420304292       0.82536445998316266       0.95019261698562751       0.95323261767965961       0.96728793034407667     
 AVE   1.0000000000000000        1.0000000000000000        1.0000000000000000        1.0000000000000000        1.0000000000000000        1.0000000000000000        1.0000000000000000     
 AVE  0.17750950491433537       0.19978978472207995       0.38677175425723881       0.22183449825159535     
 AVE   0.0000000000000000        0.0000000000000000        0.0000000000000000        0.0000000000000000     
 AVE  0.17750950491433537       0.19978978472207995       0.38677175425723881       0.22183449825159535     
 AVE  0.22469572816050004       0.23385503220420595       0.26103499076067432       0.23487152821389010     
 AVE   0.0000000000000000        0.0000000000000000        0.0000000000000000        0.0000000000000000     
 AVE  0.22469572816050004       0.23385503220420595       0.26103499076067432       0.23487152821389010     
 AVE  0.25637532591646439       0.23069740190450033       0.23418244260614321       0.22594831267485291     
 AVE   0.0000000000000000        0.0000000000000000        0.0000000000000000        0.0000000000000000     
 AVE  0.25637532591646439       0.23069740190450033       0.23418244260614321       0.22594831267485291     
 AVE  0.26461539581953603       0.22065611256414122       0.22123055438477224       0.22394256968539508     
 AVE   0.0000000000000000        0.0000000000000000        0.0000000000000000        0.0000000000000000     
 AVE  0.26461539581953603       0.22065611256414122       0.22123055438477224       0.22394256968539508     
 AVE  0.28705170120251972       0.24238936756092921       0.22448403067003442       0.22805535497864443     
 AVE   0.0000000000000000        0.0000000000000000        0.0000000000000000        0.0000000000000000     
 AVE  0.28705170120251972       0.24238936756092921       0.22448403067003442       0.22805535497864443     
 AVE  0.26003410905723279       0.20611494092776286       0.17335906898108025       0.20170689250189150     
 AVE   0.0000000000000000        0.0000000000000000        0.0000000000000000        0.0000000000000000     
 AVE  0.26003410905723279       0.20611494092776286       0.17335906898108025       0.20170689250189150     
 AVE  0.21072315386442664       0.21885174519549142       0.19766639690802912       0.23324613319659412     
 AVE   0.0000000000000000        0.0000000000000000        0.0000000000000000        0.0000000000000000     
 AVE  0.21072315386442664       0.21885174519549142       0.19766639690802912       0.23324613319659412     
 AVE  0.19109551754239368       0.23002030045034674       0.25872695993584527       0.16952603974550548     
 AVE   0.0000000000000000        0.0000000000000000        0.0000000000000000        0.0000000000000000     
 AVE  0.19109551754239368       0.23002030045034674       0.25872695993584527       0.16952603974550548     
 SUM   174.17832564622202        117.78697381112288      -0.47096137616837253        2.9137209999484982E-002   2.6433379926558280       0.53778713202223005        0.0000000000000000        0.0000000000000000      -0.47096137616837253       0.53778713202223005        0.0000000000000000        0.0000000000000000        0.0000000000000000        0.0000000000000000        0.0000000000000000        0.0000000000000000        0.0000000000000000        0.0000000000000000        0.0000000000000000        0.0000000000000000        0.0000000000000000        0.0000000000000000        0.0000000000000000        0.0000000000000000        0.0000000000000000        0.0000000000000000     
 QSM   2.2770436770430647        2.3654239392216994       0.43615858254466461        2.4851729118599559E-003  0.43599354070020374        7.4407544417664465E-002   0.0000000000000000        0.0000000000000000       0.43615858254466461        7.4407544417664465E-002   0.0000000000000000        0.0000000000000000        0.0000000000000000        0.0000000000000000        0.0000000000000000        0.0000000000000000        0.0000000000000000        0.0000000000000000        0.0000000000000000        0.0000000000000000        0.0000000000000000        0.0000000000000000        0.0000000000000000        0.0000000000000000        0.0000000000000000        0.0000000000000000     
 SPE       26244           2        9795
 AVE   5.0000000000000001E-003  0.22374177883151211     
