 -0.00403799816040862  0.00266547618826863  0.00533095237653727  0.00799642856480590
  0.01066190475307454  0.01332738094134317  0.01599285712961180  0.01865833331788044
  0.02142711361572610  0.02465399249690649  0.02788087137808689  0.03110775025926728
  0.03433462914044768  0.03756150802162807  0.04078838690280846  0.06409171879063127
  0.06694266272439203  0.06979360665815279  0.07264455059191355  0.07549549452567431
  0.07834643845943506  0.08119738239319581  0.08404832632695658  0.08689927026071737
  0.08975021419447815  0.09260115812823894  0.09545210206199972  0.09830304599576051
  0.10115398992952129  0.10400493386328208  0.10685587779704284  0.10970682173080359
  0.11255776566456434  0.11540870959832510  0.11825965353208585  0.12111059746584661
  0.12396154139960737  0.20313526255150460  0.23373695462882188  0.23953537804303865
  0.24533380145725542  0.25113222487147219  0.25693064828568896  0.26272907169990573
  0.26852749511412249  0.27432591852833932  0.28012434194255614  0.28592276535677302
  0.29282231031204881  0.41572496154071581  0.44017072472114549  0.44341651625069800
  0.44666230778025046  0.44990809930980291  0.45315389083935537  0.45639968236890788
  0.45964547389846033  0.46289126542801284  0.46613705695756535  0.46938284848711787
  0.47262864001667038  0.47587443154622289  0.47912022307577540  0.48148956342938914
  0.48384618070922919  0.48620279798906924  0.48855941526890923  0.49091603254874927
  0.49327264982858932  0.49562926710842931  0.49798588438826935  0.50048480292018616
  0.50382053832064166  0.50715627372109728  0.51049200912155279  0.51382774452200830
  0.51716347992246392  0.52049921532291943  0.52328744122644766  0.52601472239251446
  0.52874200355858114  0.53146928472464783  0.53419656589071451  0.53692384705678131
  0.53965112822284800  0.54262030189697230  0.54627447540885010  0.54992864892072779
  0.55358282243260548  0.55723699594448317  0.56089116945636086  0.63129204631398761
  0.75007645997340422  0.75037974516550698  0.75037974516551698  1.00000000000000000
  0.02135371764500933  0.25241929065169860  0.25483858130339726  0.25725787195509586
  0.25967716260679452  0.26209645325849312  0.26451574391019178  0.26693503456189038
  0.26935432521358899  0.27197546810566092  0.27491411248516362  0.27785275686466626
  0.28079140124416896  0.28373004562367160  0.28666869000317430  0.28960733438267694
  0.32649763813153437  0.44290208548324578  0.55930653283495724  0.56522690424376310
  0.56803072928752552  0.57083455433128794  0.57363837937505036  0.57644220441881278
  0.57924602946257520  0.58204985450633762  0.58485367955010004  0.58765750459386257
  0.59046132963762499  0.59326515468138741  0.59606897972514994  0.59887280476891236
  0.60167662981267489  0.60438868594938921  0.60637251850073726  0.60835635105208519
  0.61034018360343323  0.61232401615478127  0.61430784870612931  0.61629168125747724
  0.61827551380882528  0.62025934636017332  0.62224317891152137  0.62422701146286930
  0.62672174739412922  0.62954263801717125  0.63236352864021328  0.63518441926325531
  0.63800530988629722  0.64082620050933925  0.64364709113238128  0.64646798175542330
  0.64928887237846533  0.65210976300150736  0.65493065362454939  0.65775154424759141
  0.66057243487063344  0.66339332549367547  0.66621421611671749  0.69090213512726617
  0.69605194221028999  0.70120174929331369  0.70635155637633740  0.71150136345936121
  0.71665117054238503  0.72180097762540885  0.72695078470843266  0.73210059179145648
  0.73725039887448018  0.74240020595750400  0.74755001304052771  0.81102579462967173
  0.91693501533712574  0.91983711596531048  0.92273921659349512  0.92564131722167986
  0.92854341784986449  0.93144551847804924  0.93434761910623387  0.93724971973441862
  0.94015182036260325  0.94305392099078800  0.94595602161897263  0.94885812224715738
  0.95176022287534201  0.95466232350352676  0.95756442413171139  0.96046264054453068
  0.96335945689128066  0.96625627323803065  0.96915308958478064  0.97204990593153062
  0.97494672227828072  0.97784353862503071  0.98650032932364140  1.00000000000000000
  0.13474803765614821  0.13659518921276190  0.13844234076937562  0.14028949232598931
  0.14213664388260303  0.14398379543921672  0.14583094699583043  0.14935539628792963
  0.15288201528620507  0.15640863428448051  0.15993525328275596  0.16346187228103140
  0.16716984255637857  0.17268374541661860  0.17819764827685863  0.18371155113709869
  0.18922545399733873  0.19473935685757876  0.20025325971781882  0.20576716257805885
  0.23029775275065925  0.23346607912883580  0.23663440550701237  0.23980273188518891
  0.24297105826336549  0.24613938464154203  0.24930771101971860  0.25247603739789515
  0.25564436377607169  0.25881269015424829  0.26198101653242484  0.26514934291060138
  0.26831766928877793  0.27148599566695453  0.27465432204513113  0.27782264842330767
  0.28099097480148427  0.28415930117966087  0.28732762755783747  0.29049595393601407
  0.36562593071009508  0.37783636317510283  0.38091907494066729  0.38400178670623175
  0.38708449847179621  0.39016721023736067  0.39324992200292513  0.39618880315040644
  0.39838349578481480  0.40057818841922316  0.40277288105363152  0.40496757368803987
  0.40716226632244823  0.40935695895685659  0.41155165159126494  0.41374634422567330
  0.41594103686008166  0.41813572949448996  0.42033042212889832  0.42252511476330668
  0.42471980739771498  0.42691450003212333  0.42910919266653164  0.43130388530093999
  0.43349857793534829  0.43569327056975665  0.43804175911431553  0.44110646918229973
  0.44417117925028393  0.44723588931826813  0.45030059938625233  0.45336530945423653
  0.45643001952222073  0.50006430051086204  0.50277123166407589  0.50547816281728963
  0.50818509397050349  0.51089202512371734  0.51359895627693108  0.51630588743014494
  0.51901281858335868  0.52155753306373531  0.52376908826985580  0.52598064347597617
  0.52819219868209666  0.53040375388821714  0.53261530909433752  0.53482686430045800
  0.53703841950657849  0.53924997471269887  0.54146152991881935  0.64808947795818106
  0.76539298530544775  0.87561439910248440  0.87666309277216592  1.00000000000000000
  0.10659414132436124  0.17161572423251220  0.17656478179835769  0.18151383936420315
  0.18646289693004861  0.19201060115389321  0.19771701332985706  0.20342342550582088
  0.22522137699197253  0.29358158166189879  0.29782915049551473  0.30207671932913061
  0.30632428816274654  0.31057185699636242  0.31481942582997835  0.31906699466359423
  0.32331456349721016  0.32756213233082609  0.33180970116444197  0.33605726999805791
  0.34030483883167389  0.34455240766528983  0.34879997649890576  0.35304754533252175
  0.41736920846084608  0.42056314977950227  0.42375709109815846  0.42695103241681465
  0.43014497373547084  0.43333891505412703  0.43653285637278322  0.43908641440620272
  0.44136184092562175  0.44363726744504073  0.44591269396445976  0.44818812048387879
  0.45046354700329783  0.45273897352271680  0.45501440004213584  0.45728982656155487
  0.45956525308097390  0.46184067960039293  0.46411610611981197  0.46639153263923100
  0.46866695915865009  0.47094238567806912  0.47321781219748815  0.47549323871690719
  0.47776866523632622  0.48039110162820803  0.48356642886408735  0.48674175609996667
  0.48991708333584599  0.49309241057172531  0.49626773780760464  0.49944306504348396
  0.52297486926186121  0.52625733481806702  0.52953980037427273  0.53282226593047854
  0.53610473148668425  0.53938719704288995  0.54266966259909577  0.54595212815530147
  0.54923459371150718  0.55251705926771288  0.55579952482391859  0.55908199038012441
  0.56236445593633011  0.56564692149253581  0.56892938704874152  0.57221185260494722
  0.57549431816115293  0.57877678371735874  0.58205924927356445  0.65736207433496319
  0.66925625979708636  0.67206159119821540  0.67486692259934444  0.67767225400047348
  0.68047758540160252  0.68328291680273157  0.68608824820386050  0.68863901089516799
  0.69093188531655192  0.69322475973793585  0.69551763415931978  0.69781050858070370
  0.70010338300208763  0.70239625742347145  0.70468913184485538  0.70698200626623930
  0.75801729607821877  0.87900864803910428  0.97095036904017129  1.00000000000000000
   1.5992008603436467E-005  -1.0000000000000000     
 F F F F F F F F F F F F F F F F
  <DiscreteSampler_grid>
  grouped_processes
  1 # 1 for a reference and 2 for a running grid.
  10 # Attribute 'min_bin_probing_points' of the grid.
  1 # Attribute 'grid_mode' of the grid. 1=='default',2=='initialization'
  0.0000000000000000 # Attribute 'small_contrib_threshold' of the grid.
  0.5000000000000000 # Attribute 'damping_power' of the grid.
 # binID   n_entries weight   weight_sqr   abs_weight
    10   10   4.954941199345144E+008   3.386705454292559E+017   4.954941199345144E+008
  </DiscreteSampler_grid>
