     
 Soft #           5
 ME*wgt:
   1.0047501973902015        1.4481809308061307E-010   1.4413343083362639E-010
  0.99997874347774962        1.4413036705814685E-010   1.4413343083362639E-010
  0.99999340110308921        1.4413247971197492E-010   1.4413343083362639E-010
  0.99999929694991663        1.4413332950060583E-010   1.4413343083362639E-010
  0.99999990222614488        1.4413341674114520E-010   1.4413343083362639E-010
  0.99999982303252044        1.4413340532669642E-010   1.4413343083362639E-010
   1.0000011937399114        1.4413360289145533E-010   1.4413343083362639E-010
  0.99998918714634399        1.4413187233993186E-010   1.4413343083362639E-010
   1.0001074555192135        1.4414891876627264E-010   1.4413343083362639E-010
  0.99761473963607561        1.4378963507394251E-010   1.4413343083362639E-010
 wgt:
   1.1111111111111109        4.7256911672985717E-006   4.2531220505687150E-006
   1.0101010101010102        4.2960828793623383E-006   4.2531220505687150E-006
   1.0010010010010011        4.2573794299987144E-006   4.2531220505687150E-006
   1.0001000100009998        4.2535474053092449E-006   4.2531220505687150E-006
   1.0000100001000012        4.2531645822145380E-006   4.2531220505687150E-006
   1.0000010000009998        4.2531263036950179E-006   4.2531220505687150E-006
   1.0000001000000098        4.2531224758809620E-006   4.2531220505687150E-006
   1.0000000099999999        4.2531220930999350E-006   4.2531220505687150E-006
   1.0000000009999999        4.2531220548218368E-006   4.2531220505687150E-006
   1.0000000001000000        4.2531220509940272E-006   4.2531220505687150E-006
     
 Soft #          45
 ME*wgt:
   1.0049082405607002        7.0591195069516465E-010   7.0246408796617390E-010
  0.99999970810906491        7.0246388292327437E-010   7.0246408796617390E-010
  0.99999554234330568        7.0246095662242966E-010   7.0246408796617390E-010
  0.99999951033085077        7.0246374399118160E-010   7.0246408796617390E-010
  0.99999994742178588        7.0246405103186668E-010   7.0246408796617390E-010
   1.0000000239379176        7.0246410478170141E-010   7.0246408796617390E-010
   1.0000006743103311        7.0246456164496571E-010   7.0246408796617390E-010
  0.99999726842084147        7.0246216912991159E-010   7.0246408796617390E-010
  0.99998290850436145        7.0245208180427815E-010   7.0246408796617390E-010
  0.99980356600285814        7.0232610013752611E-010   7.0246408796617390E-010
 wgt:
   1.1111111111111112        1.9731079817992108E-005   1.7757971836192896E-005
   1.0101010101010102        1.7937345289083734E-005   1.7757971836192896E-005
   1.0010010010010013        1.7775747583776678E-005   1.7757971836192896E-005
   1.0001000100010000        1.7759747810973993E-005   1.7757971836192896E-005
   1.0000100001000012        1.7758149417687077E-005   1.7757971836192896E-005
   1.0000010000010000        1.7757989594182491E-005   1.7757971836192896E-005
   1.0000001000000101        1.7757973611990257E-005   1.7757971836192896E-005
   1.0000000099999999        1.7757972013772615E-005   1.7757971836192896E-005
   1.0000000009999999        1.7757971853950868E-005   1.7757971836192896E-005
   1.0000000001000000        1.7757971837968694E-005   1.7757971836192896E-005
     
 Soft #          69
 ME*wgt:
   1.0049229670920010        4.0425815578823551E-010   4.0227775563539838E-010
  0.99999746071271955        4.0227673413661029E-010   4.0227775563539838E-010
  0.99999528597398757        4.0227585928759410E-010   4.0227775563539838E-010
  0.99999948558442930        4.0227754869745712E-010   4.0227775563539838E-010
  0.99999994141720250        4.0227773206884210E-010   4.0227775563539838E-010
   1.0000001699754888        4.0227782401275654E-010   4.0227775563539838E-010
   1.0000004841019032        4.0227795037882551E-010   4.0227775563539838E-010
  0.99999029653114369        4.0227385214572500E-010   4.0227775563539838E-010
   1.0001003889225981        4.0231813986587184E-010   4.0227775563539838E-010
  0.99780192900726183        4.0139352056971239E-010   4.0227775563539838E-010
 wgt:
   1.1111111111111112        1.2416756427728092E-005   1.1175080784955283E-005
   1.0101010101010099        1.1287960388843719E-005   1.1175080784955283E-005
   1.0010010010010013        1.1186267052007294E-005   1.1175080784955283E-005
   1.0001000100010000        1.1176198404795762E-005   1.1175080784955283E-005
   1.0000100001000012        1.1175192536880654E-005   1.1175080784955283E-005
   1.0000010000010000        1.1175091960047242E-005   1.1175080784955283E-005
   1.0000001000000101        1.1175081902463473E-005   1.1175080784955283E-005
   1.0000000099999999        1.1175080896706089E-005   1.1175080784955283E-005
   1.0000000009999999        1.1175080796130363E-005   1.1175080784955283E-005
   1.0000000001000000        1.1175080786072792E-005   1.1175080784955283E-005
     
 Soft #          98
 ME*wgt:
   1.0047385430110449        1.1232287339959920E-010   1.1179313681247365E-010
  0.99997282631204309        1.1179009898065819E-010   1.1179313681247365E-010
  0.99999276630563894        1.1179232813509029E-010   1.1179313681247365E-010
  0.99999923279591441        1.1179305104432235E-010   1.1179313681247365E-010
  0.99999994125631475        1.1179313024533281E-010   1.1179313681247365E-010
   1.0000001434443269        1.1179315284856492E-010   1.1179313681247365E-010
   1.0000004494320884        1.1179318705589661E-010   1.1179313681247365E-010
  0.99999917189083798        1.1179304423555281E-010   1.1179313681247365E-010
  0.99998816309304972        1.1179181352751552E-010   1.1179313681247365E-010
  0.99976839952456864        1.1176724546883792E-010   1.1179313681247365E-010
 wgt:
   1.1111111111111112        3.9139204026384265E-006   3.5225283623745837E-006
   1.0101010101010099        3.5581094569440232E-006   3.5225283623745837E-006
   1.0010010010010011        3.5260544167913755E-006   3.5225283623745837E-006
   1.0001000100010000        3.5228806504396271E-006   3.5225283623745837E-006
   1.0000100001000012        3.5225635880104642E-006   3.5225283623745837E-006
   1.0000010000009998        3.5225318849064677E-006   3.5225283623745837E-006
   1.0000001000000098        3.5225287146274548E-006   3.5225283623745837E-006
   1.0000000099999999        3.5225283975998672E-006   3.5225283623745837E-006
   1.0000000009999999        3.5225283658971117E-006   3.5225283623745837E-006
   1.0000000001000000        3.5225283627268363E-006   3.5225283623745837E-006
     
 Soft #          54
 ME*wgt:
   1.0049098911955938        4.3428036974477826E-006   4.3215851843998892E-006
  0.99997046464208306        4.3214575448346995E-006   4.3215851843998892E-006
  0.99999235141083553        4.3215521303702746E-006   4.3215851843998892E-006
  0.99999918849999880        4.3215816774335070E-006   4.3215851843998892E-006
  0.99999991794336385        4.3215848297851464E-006   4.3215851843998892E-006
  0.99999997010679709        4.3215850552138664E-006   4.3215851843998892E-006
  0.99999978107666099        4.3215842383040307E-006   4.3215851843998892E-006
  0.99999612675297012        4.3215684458329096E-006   4.3215851843998892E-006
   1.0000163723113396        4.3216559387380085E-006   4.3215851843998892E-006
  0.99935070792276515        4.3187792133785627E-006   4.3215851843998892E-006
 wgt:
   1.1111111111111112        3.6657025390876026E-004   3.2991322851788423E-004
   1.0101010101010102        3.3324568537160026E-004   3.2991322851788423E-004
   1.0010010010010013        3.3024347198987419E-004   3.2991322851788423E-004
   1.0001000100010000        3.2994622314019823E-004   3.2991322851788423E-004
   1.0000100001000012        3.2991652768316114E-004   3.2991322851788423E-004
   1.0000010000010000        3.2991355843144267E-004   3.2991322851788423E-004
   1.0000001000000101        3.2991326150921037E-004   3.2991322851788423E-004
   1.0000000099999999        3.2991323181701652E-004   3.2991322851788423E-004
   1.0000000010000001        3.2991322884779747E-004   3.2991322851788423E-004
   1.0000000001000000        3.2991322855087558E-004   3.2991322851788423E-004
     
 Collinear #          80
 ME*wgt:
   1.1460346039182399        1.8630879888533871E-013   1.6256821412578420E-013
   1.0120000402740279        1.6451903924257040E-013   1.6256821412578420E-013
   1.0007027938943989        1.6268246607409513E-013   1.6256821412578420E-013
  0.99991587200641885        1.6255453758810972E-013   1.6256821412578420E-013
  0.99994276939100302        1.6255891024788622E-013   1.6256821412578420E-013
  0.99997895963268379        1.6256479363084505E-013   1.6256821412578420E-013
  0.99999385528964757        1.6256721519119589E-013   1.6256821412578420E-013
   1.0000129298543010        1.6257031610910684E-013   1.6256821412578420E-013
   1.0000273186018174        1.6257265526209407E-013   1.6256821412578420E-013
   1.0022600491623856        1.6293562628194969E-013   1.6256821412578420E-013
 wgt:
   1.0000629855876977        2.1412497959451547E-005   2.1411149365625471E-005
   1.0000060368222567        2.1411278620928506E-005   2.1411149365625471E-005
   1.0000006011830618        2.1411162237645805E-005   2.1411149365625471E-005
   1.0000000600934273        2.1411150652294820E-005   2.1411149365625471E-005
   1.0000000060090939        2.1411149494287079E-005   2.1411149365625471E-005
   1.0000000006009069        2.1411149378491576E-005   2.1411149365625471E-005
   1.0000000000600904        2.1411149366912077E-005   2.1411149365625471E-005
   1.0000000000060090        2.1411149365754132E-005   2.1411149365625471E-005
   1.0000000000006011        2.1411149365638339E-005   2.1411149365625471E-005
   1.0000000000000600        2.1411149365626755E-005   2.1411149365625471E-005
     
 Collinear #          80
 ME*wgt:
   1.1460346039182399        1.8630879888533871E-013   1.6256821412578420E-013
   1.0120000402740279        1.6451903924257040E-013   1.6256821412578420E-013
   1.0007027938943989        1.6268246607409513E-013   1.6256821412578420E-013
  0.99991587200641885        1.6255453758810972E-013   1.6256821412578420E-013
  0.99994276939100302        1.6255891024788622E-013   1.6256821412578420E-013
  0.99997895963268379        1.6256479363084505E-013   1.6256821412578420E-013
  0.99999385528964757        1.6256721519119589E-013   1.6256821412578420E-013
   1.0000129298543010        1.6257031610910684E-013   1.6256821412578420E-013
   1.0000273186018174        1.6257265526209407E-013   1.6256821412578420E-013
   1.0022600491623856        1.6293562628194969E-013   1.6256821412578420E-013
 wgt:
   1.0000629855876977        2.1412497959451547E-005   2.1411149365625471E-005
   1.0000060368222567        2.1411278620928506E-005   2.1411149365625471E-005
   1.0000006011830618        2.1411162237645805E-005   2.1411149365625471E-005
   1.0000000600934273        2.1411150652294820E-005   2.1411149365625471E-005
   1.0000000060090939        2.1411149494287079E-005   2.1411149365625471E-005
   1.0000000006009069        2.1411149378491576E-005   2.1411149365625471E-005
   1.0000000000600904        2.1411149366912077E-005   2.1411149365625471E-005
   1.0000000000060090        2.1411149365754132E-005   2.1411149365625471E-005
   1.0000000000006011        2.1411149365638339E-005   2.1411149365625471E-005
   1.0000000000000600        2.1411149365626755E-005   2.1411149365625471E-005
