  0.12616091569264729  0.12770460006406059  0.12924828443547393  0.13079196880688723
  0.13233565317830057  0.13387933754971387  0.13542302192112721  0.13696670629254051
  0.13851039066395382  0.14005407503536715  0.14159775940678046  0.14314144377819379
  0.14468512814960710  0.14635439979547166  0.14838829229630013  0.15042218479712860
  0.15245607729795707  0.15448996979878557  0.15652386229961404  0.15855775480044251
  0.16059164730127101  0.16262553980209948  0.16465943230292795  0.16806740482172169
  0.27493724421089077  0.29364401183317440  0.29598833824690474  0.29833266466063513
  0.30067699107436546  0.30302131748809580  0.30536564390182619  0.30770997031555652
  0.31005429672928692  0.31239862314301725  0.31419246188324135  0.31596141967597385
  0.31773037746870630  0.31949933526143881  0.32126829305417126  0.32303725084690377
  0.32480620863963622  0.32657516643236872  0.32834412422510117  0.33011308201783363
  0.33188203981056613  0.33365099760329858  0.33541995539603109  0.33718891318876359
  0.33895787098149610  0.34072682877422861  0.34249578656696106  0.34426474435969356
  0.34603370215242607  0.34780265994515858  0.34957161773789108  0.35134057553062353
  0.35310953332335604  0.35524209552684383  0.35791464809831697  0.36058720066979011
  0.36325975324126319  0.36593230581273634  0.36860485838420948  0.37127741095568262
  0.37394996352715576  0.37978368294793452  0.38766320055297931  0.39554271815802405
  0.40342223576306885  0.41130175336811370  0.45077222640169845  0.55764206579086772
  0.58619983733118974  0.58997352803417258  0.59374721873715541  0.59752090944013836
  0.60129460014312119  0.60506829084610403  0.60884198154908686  0.61261567225206970
  0.61638936295505253  0.62016305365803537  0.62393674436101820  0.62771043506400104
  0.63148412576698387  0.63525781646996671  0.63903150717294943  0.64280519787593227
  0.66694724425563234  0.75295128104538567  0.76619399942419575  0.77879375968587428
  0.79104680785936476  0.89313016061081896  0.91375601689020791  1.00000000000000000
  0.04582583506902065  0.04850311879881706  0.05118040252861347  0.05385768625840989
  0.05653496998820630  0.05921225371800271  0.06188953744779912  0.06555065459227109
  0.06950235974879453  0.07345406490531796  0.07740577006184139  0.08135747521836482
  0.13967756756636779  0.25236635180738703  0.36505513604840623  0.47774392028942547
  0.56455006918488559  0.57282065407590244  0.58109123896691939  0.58936182385793623
  0.59763240874895329  0.60590299363997013  0.61417357853098709  0.62244416342200393
  0.68939768493435261  0.70331565304213040  0.71723362114990830  0.73115158925768631
  0.74506955736546410  0.81272332930656621  0.81517413167728214  0.81762493404799796
  0.82007573641871390  0.82252653878942972  0.82497734116014565  0.82742814353086147
  0.82987894590157740  0.83232974827229322  0.83478055064300916  0.83723135301372509
  0.83968215538444091  0.84213295775515684  0.84458376012587277  0.84703456249658871
  0.84948536486730453  0.85193616723802046  0.85438696960873639  0.85683777197945221
  0.85928857435016814  0.86173937672088396  0.86419017909159990  0.86664098146231572
  0.86909178383303165  0.87154258620374747  0.87399338857446340  0.87668225800077626
  0.87953706186879699  0.88239186573681772  0.88524666960483844  0.88810147347285917
  0.89095627734088001  0.89381108120890074  0.89666588507692147  0.89952068894494219
  0.90237549281296303  0.90523029668098376  0.90808510054900449  0.91093990441702533
  0.91379470828504605  0.91664951215306678  0.91833417644038573  0.92001176685322472
  0.92168935726606371  0.92336694767890282  0.92504453809174181  0.92672212850458080
  0.92839971891741990  0.93007730933025889  0.93175489974309789  0.93343249015593699
  0.93511008056877598  0.93678767098161497  0.93848210372881014  0.94018896552741871
  0.94189582732602739  0.94360268912463596  0.94530955092324453  0.94701641272185322
  0.94872327452046179  0.95043013631907036  0.95213699811767905  0.95384385991628762
  0.95555072171489630  0.95725758351350487  0.96085870663324979  1.00000000000000000
  0.00654583772023521  0.21131528808207248  0.21429724283081170  0.21727919757955094
  0.22026115232829016  0.22324310707702938  0.22622506182576860  0.22921457779180474
  0.23275532459314457  0.23629607139448444  0.23983681819582431  0.24337756499716415
  0.24691831179850399  0.26391214882856245  0.33600440042373297  0.34357010206155131
  0.35113580369936970  0.35870150533718798  0.36626720697500625  0.37383290861282453
  0.38139861025064281  0.38896431188846109  0.40571443145144287  0.43928227319108715
  0.44181468949474095  0.44434710579839476  0.44687952210204857  0.44941193840570237
  0.45194435470935623  0.45447677101301004  0.45700918731666385  0.45920247289280519
  0.46102410437233987  0.46284573585187461  0.46466736733140929  0.46648899881094397
  0.46831063029047870  0.47013226177001338  0.47195389324954806  0.47377552472908280
  0.47559715620861748  0.47741878768815221  0.47924041916768689  0.48106205064722157
  0.48288368212675625  0.48470531360629093  0.48652694508582561  0.48834857656536029
  0.49017020804489497  0.49199183952442965  0.49381347100396433  0.49563510248349901
  0.49745673396303369  0.49927836544256837  0.50159288882965480  0.50423076569748337
  0.50686864256531194  0.50950651943314051  0.51214439630096908  0.51478227316879765
  0.51742015003662623  0.52005802690445480  0.59660016821795880  0.70390541526322137
  0.75123427936128340  0.75339803068810129  0.75556178201491919  0.75772553334173709
  0.75988928466855499  0.76205303599537288  0.76421678732219067  0.76638053864900857
  0.76854428997582647  0.77070804130264436  0.77287179262946226  0.77503554395628016
  0.77719929528309817  0.77936304660991607  0.78152679793673396  0.78369054926355186
  0.78585430059036976  0.78801805191718766  0.79018180324400555  0.79234555457082345
  0.79450930589764135  0.79667305722445925  0.79883680855127714  0.80100055987809504
  0.80316431120491294  0.80532806253173084  0.80749181385854873  0.80965556518536663
  0.81181931651218453  0.88604863697903424  0.96880987272520080  1.00000000000000000
  0.17663478453954065  0.18057509380043538  0.18451540306133013  0.18954136400594165
  0.19795770991926420  0.20637405583258675  0.29444090313872012  0.40667621596678744
  0.44044912449686413  0.44451483749076359  0.44858055048466300  0.45264626347856246
  0.45671197647246192  0.46077768946636144  0.46484340246026090  0.46890911545416042
  0.47297482844805988  0.47704054144195940  0.48110625443585886  0.48517196742975832
  0.48923768042365778  0.49330339341755725  0.49736910641145671  0.50089687522593995
  0.50343826632115274  0.50597965741636552  0.50852104851157831  0.51106243960679110
  0.51360383070200377  0.51614522179721656  0.51868661289242934  0.52113223514011120
  0.52305694472212660  0.52498165430414190  0.52690636388615719  0.52883107346817249
  0.53075578305018789  0.53268049263220318  0.53460520221421848  0.53652991179623388
  0.53845462137824918  0.54037933096026447  0.54230404054227976  0.54422875012429517
  0.54615345970631046  0.54807816928832576  0.55000287887034105  0.55192758845235634
  0.55385229803437164  0.55577700761638693  0.55770171719840222  0.55962642678041752
  0.56155113636243292  0.56399712227510002  0.56694997113892676  0.56990282000275339
  0.57285566886658001  0.57580851773040664  0.57876136659423338  0.58171421545806001
  0.63402733144564738  0.66823323551526514  0.67044219569233787  0.67265115586941071
  0.67486011604648355  0.67706907622355628  0.67927803640062911  0.68148699657770184
  0.68369595675477468  0.68590491693184741  0.68811387710892025  0.69032283728599297
  0.69253179746306581  0.69474075764013854  0.69694971781721138  0.69915867799428411
  0.70136763817135694  0.70357659834842967  0.70578555852550251  0.70799451870257524
  0.71020347887964808  0.71241243905672091  0.71462139923379375  0.71683035941086648
  0.71903931958793932  0.72124827976501216  0.72345723994208500  0.72566620011915772
  0.72787516029623056  0.77578168311735451  0.88801699594542194  0.94537104540097883
  0.95944842576394118  0.97352189431442282  0.98697026420602230  1.00000000000000000
   3.0154262040577679E-014  -1.0000000000000000     
 F F F F F F F F F F F F F F F F
  <DiscreteSampler_grid>
  grouped_processes
  1 # 1 for a reference and 2 for a running grid.
  10 # Attribute 'min_bin_probing_points' of the grid.
  1 # Attribute 'grid_mode' of the grid. 1=='default',2=='initialization'
  0.0000000000000000 # Attribute 'small_contrib_threshold' of the grid.
  0.5000000000000000 # Attribute 'damping_power' of the grid.
 # binID   n_entries weight   weight_sqr   abs_weight
    10   10   -9.478585798644156E+002   8.565071112120882E+006   9.478585798644156E+002
  </DiscreteSampler_grid>
