  0.04402029116948452  0.19085680226282420  0.19421360452564843  0.19757040678847262
  0.20092720905129682  0.20428401131412102  0.20764081357694525  0.21150030489716551
  0.21549045882644691  0.21948061275572828  0.22347076668500965  0.22746092061429105
  0.23154902254482213  0.23571026133421227  0.23987150012360242  0.24403273891299254
  0.24819397770238269  0.25235521649177284  0.25651645528116296  0.26067769407055313
  0.26483893285994325  0.26900017164933343  0.27316141043872361  0.27732264922811378
  0.28148388801750396  0.28564512680689413  0.28980636559628431  0.35939635750460708
  0.43846928069970459  0.44114417928595878  0.44381907787221303  0.44649397645846722
  0.44916887504472147  0.45184377363097566  0.45451867221722991  0.45719357080348411
  0.45986846938973835  0.46254336797599260  0.46521826656224685  0.46789316514850110
  0.47056806373475535  0.47324296232100960  0.47591786090726385  0.47859275949351809
  0.48126765807977234  0.48394255666602659  0.48661745525228078  0.48929235383853503
  0.49196725242478923  0.49464215101104347  0.49731704959729767  0.49999194818355192
  0.62212022888683927  0.63017152872252391  0.63546756980026431  0.64076361087800471
  0.64605965195574500  0.65135569303348539  0.65665173411122590  0.66194777518896630
  0.66724381626670670  0.67253985734444710  0.67783589842218739  0.68313193949992779
  0.70896270268920625  0.83145164029929441  0.83566967897006916  0.83804247586083391
  0.84041527275159866  0.84278806964236341  0.84516086653312805  0.84753366342389280
  0.84990646031465755  0.85227925720542230  0.85465205409618694  0.85702485098695169
  0.85939764787771633  0.86177044476848108  0.86414324165924572  0.86651603855001047
  0.86888883544077522  0.87126163233153986  0.87363442922230461  0.87600722611306925
  0.87838002300383400  0.88075281989459864  0.88312561678536339  0.88549841367612803
  0.88787121056689278  0.89024400745765742  0.89261680434842217  0.89498960123918680
  0.94363666940492785  0.96228713244273112  0.97437930504480996  1.00000000000000000
  0.00158470471700032  0.00569408815451566  0.00980347159203099  0.01391285502954633
  0.01802223846706167  0.02246527770766159  0.02763075888908080  0.03279624007050000
  0.03796172125191920  0.07554378093292125  0.10175687620050641  0.10645338149845000
  0.10905871775960511  0.11166405402076023  0.11426939028191532  0.11687472654307043
  0.11948006280422555  0.12208539906538066  0.12469073532653577  0.12729607158769088
  0.12990140784884599  0.13250674411000110  0.13511208037115621  0.13771741663231132
  0.14032275289346641  0.14292808915462152  0.14553342541577663  0.14813943229150253
  0.15074552640594915  0.15335162052039575  0.15595771463484237  0.15856380874928899
  0.16116990286373561  0.16377599697818221  0.16638209109262883  0.27339680121565579
  0.39321009180141486  0.39963821304033870  0.40352826310568046  0.40741831317102228
  0.41130836323636405  0.41519841330170582  0.41908846336704758  0.42297851343238935
  0.42686856349773111  0.43075861356307282  0.43464866362841459  0.43853871369375630
  0.44242876375909806  0.44631881382443983  0.45020886388978154  0.45409891395512331
  0.45798896402046507  0.46044003364725156  0.46275134429982406  0.46506265495239657
  0.46737396560496908  0.46968527625754158  0.47199658691011409  0.47430789756268660
  0.47661920821525910  0.47893051886783161  0.48124182952040406  0.48355314017297657
  0.48586445082554902  0.48817576147812153  0.49048707213069398  0.49279838278326649
  0.49510969343583894  0.49742100408841144  0.49973231474098390  0.50204362539355640
  0.50435493604612891  0.50666624669870131  0.50897755735127381  0.51128886800384632
  0.51360017865641883  0.51591148930899133  0.51822279996156373  0.52053411061413624
  0.62513557240158590  0.74494886298734497  0.77401394976260995  0.77807106577354235
  0.78212818178447463  0.78618529779540702  0.79024241380633942  0.79388884740839394
  0.79731312149737388  0.80073739558635393  0.80416166967533387  0.80758594376431381
  0.81101021785329375  0.88018670941422650  0.90522635380427041  1.00000000000000000
  0.01987808545430503  0.08651260540021713  0.08969187746710099  0.09287114953398484
  0.09605042160086871  0.09922969366775257  0.10240896573463643  0.10586051059913289
  0.10964870703061509  0.11343690346209728  0.11722509989357949  0.12101329632506169
  0.12480149275654390  0.23837099605798670  0.35801132707411187  0.37839159757644297
  0.38234449872064497  0.38629739986484690  0.39025030100904889  0.39420320215325083
  0.39815610329745282  0.40210900444165487  0.40606190558585686  0.41001480673005886
  0.41396770787426085  0.41792060901846284  0.42187351016266483  0.42582641130686677
  0.42977931245106876  0.43373221359527070  0.44310276816913613  0.46273805791443051
  0.46778531285861552  0.47283256780280053  0.47787982274698548  0.48292707769117044
  0.48797433263535539  0.49302158757954034  0.49806884252372524  0.50311609746791019
  0.50816335241209509  0.51321060735628010  0.51825786230046500  0.52207009373745161
  0.52459549453639676  0.52712089533534190  0.52964629613428693  0.53217169693323207
  0.53469709773217711  0.53722249853112225  0.53974789933006728  0.54227330012901243
  0.54479870092795746  0.54732410172690249  0.54984950252584763  0.55237490332479267
  0.55490030412373770  0.55742570492268284  0.55995110572162787  0.56247650652057291
  0.56500190731951805  0.56752730811846308  0.57005270891740811  0.57257810971635326
  0.57510351051529829  0.57762891131424332  0.58015431211318846  0.58267971291213350
  0.67200853454356513  0.79164886555969027  0.81115481237864451  0.83064585813434200
  0.85013690389003960  0.85594072172096602  0.85817715890947621  0.86041359609798640
  0.86265003328649659  0.86488647047500677  0.86712290766351696  0.86935934485202726
  0.87159578204053745  0.87383221922904764  0.87585765707473318  0.87765252411095562
  0.87944739114717807  0.88124225818340052  0.88303712521962296  0.88483199225584541
  0.88662685929206786  0.88842172632829031  0.89021659336451275  0.89201146040073520
  0.89380632743695765  0.89560119447318010  0.89799088637034086  1.00000000000000000
  0.06890058120091754  0.08201021481581401  0.10147720310072920  0.21090732545740704
  0.29347926133715907  0.29874480611603949  0.30401035089491996  0.30927589567380037
  0.31454144045268079  0.31980698523156126  0.32507253001044167  0.33033807478932209
  0.33560361956820256  0.34086916434708303  0.34613470912596356  0.35140025390484403
  0.39639636267252676  0.40052753860460610  0.40465871453668545  0.40878989046876485
  0.41292106640084419  0.41705224233292360  0.42118341826500288  0.42531459419708223
  0.42944577012916152  0.43357694606124086  0.43770812199332021  0.44183929792539950
  0.44597047385747884  0.45010164978955819  0.45423282572163748  0.45924757724278714
  0.50157055273257323  0.50391784343812673  0.50626513414368035  0.50861242484923386
  0.51095971555478736  0.51330700626034098  0.51565429696589449  0.51800158767144799
  0.52034887837700161  0.52269616908255512  0.52504345978810874  0.52739075049366224
  0.52973804119921586  0.53208533190476937  0.53443262261032298  0.53677991331587660
  0.53912720402143011  0.54147449472698372  0.54382178543253723  0.54616907613809074
  0.54851636684364435  0.55086365754919786  0.55321094825475137  0.55555823896030498
  0.55790552966585849  0.56025282037141200  0.56775243914048357  0.60695596825375986
  0.61091625717518172  0.61487654609660358  0.61883683501802544  0.62279712393944731
  0.62675741286086917  0.63071770178229103  0.63467799070371289  0.63863827962513475
  0.64259856854655661  0.64655885746797848  0.65051914638940034  0.65447943531082231
  0.65843972423224417  0.66240001315366603  0.66636030207508801  0.77103674126860244
  0.77368490182434635  0.77633306238009026  0.77898122293583427  0.78162938349157818
  0.78427754404732208  0.78692570460306599  0.78957386515881001  0.79206666415446292
  0.79397400243157989  0.79588134070869687  0.79778867898581396  0.79969601726293094
  0.80160335554004791  0.80351069381716500  0.80541803209428198  0.80732537037139895
  0.80923270864851604  0.81014347473780313  0.81014347473781312  1.00000000000000000
   5.0208058599913860E-014  -1.0000000000000000     
 F F F F F F F F F F F F F F F F
  <DiscreteSampler_grid>
  grouped_processes
  1 # 1 for a reference and 2 for a running grid.
  10 # Attribute 'min_bin_probing_points' of the grid.
  1 # Attribute 'grid_mode' of the grid. 1=='default',2=='initialization'
  0.0000000000000000 # Attribute 'small_contrib_threshold' of the grid.
  0.5000000000000000 # Attribute 'damping_power' of the grid.
 # binID   n_entries weight   weight_sqr   abs_weight
    10   10   4.580628936462712E+001   3.116925791688663E+003   4.580628936462712E+001
  </DiscreteSampler_grid>
