 -0.00386882448634688  0.00152827156116297  0.00305654312232595  0.00458481468348892
  0.00611308624465189  0.00764135780581486  0.00916962936697784  0.01069790092814081
  0.01222617248930379  0.01375444405046676  0.01528271561162973  0.01681098717279270
  0.01833925873395568  0.01986753029511865  0.02154296043531579  0.02347107352030341
  0.02539918660529103  0.02732729969027864  0.02925541277526626  0.03118352586025388
  0.03311163894524149  0.03503975203022910  0.03696786511521673  0.03889597820020434
  0.04082409128519196  0.04456948320645319  0.04972541517967605  0.05488134715289890
  0.06003727912612175  0.12503773622424932  0.20955142367727841  0.21355479430379617
  0.21755816493031394  0.22156153555683172  0.22556490618334948  0.22956827680986724
  0.23357164743638498  0.23757501806290268  0.24157838868942041  0.24558175931593812
  0.24958512994245585  0.25358850056897358  0.25759187119549132  0.26159524182200905
  0.26559861244852673  0.26960198307504446  0.35373238418106623  0.47345575596207884
  0.59317912774309145  0.60878057821109488  0.61386071630984396  0.61894085440859292
  0.62402099250734200  0.62910113060609096  0.63418126870484004  0.63926140680358912
  0.64434154490233808  0.64942168300108716  0.65450182109983623  0.65958195919858531
  0.66466209729733439  0.73914844792389078  0.75302249049597758  0.75634624088735813
  0.75966999127873880  0.76299374167011946  0.76631749206150013  0.76964124245288079
  0.77296499284426146  0.77628874323564212  0.77961249362702278  0.78293624401840345
  0.78625999440978422  0.78958374480116489  0.79290749519254555  0.79623124558392622
  0.79955499597530688  0.80287874636668743  0.80620249675806810  0.80952624714944876
  0.82510710967099909  0.85685755944358410  0.86041093690863424  0.86396431437368426
  0.86751769183873439  0.87107106930378442  0.87462444676883455  0.87765245089436128
  0.88061836673535587  0.88358428257635058  0.88655019841734528  0.88951611425833998
  0.89248203009933469  0.89544794594032939  0.93253207604090371  1.00000000000000000
  0.03499072392781583  0.03618034332926560  0.03736996273071538  0.03855958213216516
  0.03974920153361493  0.04093882093506471  0.04337282564277689  0.04776822527785685
  0.05216362491293681  0.05655902454801677  0.06095442418309673  0.14595939218432291
  0.27468222045574603  0.37580681578345698  0.37946305346634712  0.38311929114923732
  0.38677552883212746  0.39043176651501760  0.39408800419790779  0.39774424188079793
  0.40140047956368813  0.40505671724657832  0.40871295492946852  0.41236919261235871
  0.41602543029524891  0.41968166797813911  0.42333790566102925  0.42699414334391939
  0.43065038102680958  0.43430661870969972  0.45379548981908086  0.56285312973156210
  0.56512384286479778  0.56739455599803346  0.56966526913126925  0.57193598226450493
  0.57420669539774061  0.57647740853097629  0.57874812166421208  0.58101883479744776
  0.58328954793068344  0.58556026106391923  0.58783097419715491  0.59010168733039070
  0.59237240046362638  0.59464311359686217  0.59691382673009785  0.59918453986333364
  0.60145525299656932  0.60372596612980511  0.60599667926304079  0.60826739239627647
  0.61053810552951215  0.61280881866274795  0.61507953179598363  0.61735024492921931
  0.61962095806245499  0.62189167119569078  0.62416238432892646  0.70623983422566639
  0.71388796824223111  0.71953443514062132  0.72518090203901153  0.73082736893740174
  0.73647383583579196  0.74212030273418206  0.74776676963257227  0.75341323653096248
  0.75905970342935258  0.76470617032774280  0.77035263722613290  0.79585668233654183
  0.80142095438792638  0.80698522643931092  0.81254949849069547  0.81811377054208012
  0.82367804259346467  0.82924231464484921  0.83480658669623375  0.84037085874761841
  0.84593513079900307  0.85149940285038761  0.87640151193681337  0.88030764112448667
  0.88421377031215997  0.88811989949983339  0.89202602868750669  0.89591597485542263
  0.89918245558495069  0.90244893631447876  0.90571541704400671  0.90898189777353477
  0.91224837850306284  0.91551485923259091  0.93146318594614663  1.00000000000000000
  0.02873533566792808  0.03014569289708293  0.03155605012623777  0.03296640735539262
  0.03437676458454747  0.03578712181370232  0.03719747904285717  0.03860783627201202
  0.04001819350116686  0.04142855073032171  0.04396081702455806  0.04672097533144100
  0.04948113363832394  0.05224129194520687  0.05500145025208981  0.05776160855897275
  0.06052176686585568  0.06340867055360923  0.06661623396786806  0.06982379738212688
  0.07303136079638571  0.07623892421064454  0.07944648762490336  0.08265405103916219
  0.16958410596370188  0.25048992425295036  0.25233800663890871  0.25418608902486706
  0.25603417141082541  0.25788225379678376  0.25973033618274205  0.26157841856870040
  0.26342650095465875  0.26527458334061710  0.26712266572657545  0.26897074811253380
  0.27081883049849215  0.27266691288445050  0.27451499527040885  0.27636307765636720
  0.27821116004232554  0.28005924242828395  0.28190732481424230  0.28375540720020065
  0.28560348958615900  0.28745157197211735  0.28929965435807575  0.29114773674403410
  0.29299581912999245  0.29484390151595080  0.29669198390190915  0.29854006628786744
  0.30038814867382579  0.30223623105978414  0.30408431344574249  0.30593239583170084
  0.30778047821765919  0.30962856060361754  0.31147664298957584  0.36133159537624693
  0.47075567031104826  0.58017974524584959  0.68960382018065103  0.79902789511545247
  0.81562911126758419  0.81919756437640656  0.82276601748522882  0.82633447059405118
  0.82990292370287355  0.83347137681169592  0.83703982992051840  0.84060828302934076
  0.84417673613816313  0.84774518924698561  0.85131364235580798  0.85488209546463034
  0.85845054857345271  0.86201900168227508  0.86558745479109744  0.86915590789991981
  0.87272436100874218  0.87631013186823281  0.87992638580191496  0.88354263973559710
  0.88715889366927914  0.89077514760296128  0.89439140153664343  0.89654266410778982
  0.89772239739558979  0.89890213068338976  0.90008186397118972  0.90126159725898969
  0.90244133054678966  0.90362106383458962  0.90390235582987466  1.00000000000000000
  0.15436917146046961  0.15726867378508400  0.16016817610969836  0.16306767843431275
  0.16596718075892711  0.17098619037838561  0.17667908837100491  0.18237198636362420
  0.20026847370282613  0.32894900363468799  0.35713667007109573  0.36083057130767349
  0.36452447254425124  0.36821837378082894  0.37191227501740670  0.37560617625398446
  0.37930007749056216  0.38299397872713992  0.38668787996371767  0.39038178120029543
  0.39407568243687313  0.39776958367345094  0.40146348491002870  0.40515738614660646
  0.40885128738318427  0.41254518861976203  0.41623908985633984  0.42058984650282910
  0.42502658852748804  0.42946333055214697  0.43390007257680591  0.43833681460146484
  0.44277355662612372  0.44721029865078266  0.45164704067544159  0.45608378270010053
  0.46052052472475946  0.46495726674941845  0.46939400877407744  0.47383075079873643
  0.47826749282339537  0.58176811289027064  0.58560479839829915  0.58790423289959559
  0.59020366740089214  0.59250310190218858  0.59480253640348502  0.59710197090478156
  0.59940140540607800  0.60170083990737444  0.60400027440867099  0.60629970890996743
  0.60859914341126387  0.61089857791256030  0.61319801241385674  0.61549744691515318
  0.61779688141644962  0.62009631591774605  0.62239575041904249  0.62469518492033904
  0.62699461942163548  0.62929405392293192  0.63159348842422836  0.63389292292552479
  0.63619235742682123  0.63849179192811767  0.64079122642941411  0.64309066093071054
  0.64539009543200698  0.66921260346092970  0.67315770767829131  0.67710281189565291
  0.68104791611301441  0.68499302033037601  0.68893812454773762  0.69288322876509922
  0.69682833298246072  0.70077343719982232  0.70471854141718393  0.70866364563454542
  0.71260874985190703  0.71655385406926875  0.72049895828663035  0.72444406250399196
  0.72838916672135356  0.73367137411997463  0.73928177833897546  0.74489218255797629
  0.75043314262363026  0.75526833788614867  0.76010353314866708  0.76493872841118549
  0.76977392367370390  0.87131947006812704  0.93591982523600259  1.00000000000000000
   3.6359710874117399E-014  -1.0000000000000000     
 F F F F F F F F F F F F F F F F
  <DiscreteSampler_grid>
  grouped_processes
  1 # 1 for a reference and 2 for a running grid.
  10 # Attribute 'min_bin_probing_points' of the grid.
  1 # Attribute 'grid_mode' of the grid. 1=='default',2=='initialization'
  0.0000000000000000 # Attribute 'small_contrib_threshold' of the grid.
  0.5000000000000000 # Attribute 'damping_power' of the grid.
 # binID   n_entries weight   weight_sqr   abs_weight
    10   10   1.234435347086075E+000   1.738733367390196E+000   1.234435347086075E+000
  </DiscreteSampler_grid>
