 -0.00411716402235866  0.00209213114745512  0.00418426229491024  0.00627639344236536
  0.00836852458982049  0.01046065573727561  0.01255278688473073  0.01464491803218585
  0.01673704917964098  0.01882918032709610  0.02094285634607751  0.02354732721978815
  0.02615179809349879  0.02875626896720943  0.03136073984092008  0.03396521071463071
  0.03656968158834135  0.03917415246205199  0.04759169477490559  0.18542683455213149
  0.19125115272765408  0.19505958777064769  0.19886802281364133  0.20267645785663493
  0.20648489289962854  0.21029332794262218  0.21410176298561581  0.21791019802860948
  0.22171863307160314  0.22552706811459677  0.22933550315759044  0.23314393820058404
  0.23695237324357765  0.24076080828657126  0.24456924332956487  0.24837767837255847
  0.32911996523502152  0.33843306368916393  0.34369359898659407  0.34895413428402422
  0.35421466958145437  0.35947520487888446  0.36473574017631455  0.36999627547374464
  0.37525681077117473  0.38051734606860482  0.38577788136603491  0.39103841666346500
  0.39656848489087587  0.40487418936336339  0.41317989383585091  0.42148559830833837
  0.42979130278082583  0.43809700725331324  0.44640271172580070  0.45470841619828811
  0.53601211170318397  0.58573505978302209  0.58939242328773300  0.59304978679244402
  0.59670715029715493  0.60036451380186595  0.60402187730657686  0.60767924081128788
  0.61133660431599879  0.61499396782070970  0.61865133132542061  0.62230869483013151
  0.62596605833484253  0.62962342183955344  0.63328078534426435  0.63693814884897526
  0.64059551235368617  0.64425287585839719  0.72410573708796178  0.77413534391005900
  0.77913090269416485  0.78412646147827081  0.78912202026237677  0.79411757904648261
  0.79911313783058846  0.80410869661469431  0.80910425539880015  0.81409981418290600
  0.81909537296701196  0.82409093175111781  0.82908649053522365  0.85399155737657340
  0.95984117624211374  0.96604639764680467  0.97225161905149560  0.97845684045618653
  0.98391500218941252  0.98927666812627491  0.99463833406313718  1.00000000000000000
  0.02358442147572834  0.02588976825972245  0.02819511504371656  0.03050046182771067
  0.03280580861170478  0.03511115539569890  0.03741650217969300  0.03972184896368711
  0.04216780959727597  0.04537228963575290  0.04857676967422984  0.05178124971270678
  0.05498572975118372  0.05819020978966066  0.06139468982813760  0.13928605545328754
  0.23020053579138211  0.23463365381440324  0.23906677183742436  0.24349988986044549
  0.24793300788346662  0.25236612590648777  0.25679924392950887  0.26123236195253002
  0.26566547997555112  0.27009859799857228  0.27453171602159343  0.27896483404461458
  0.28339795206763579  0.28783107009065695  0.29261199350313538  0.29962554164832000
  0.30663908979350463  0.31365263793868925  0.32066618608387387  0.32767973422905844
  0.33469328237424312  0.34170683051942780  0.34872037866461247  0.38036029445741359
  0.49757776496649581  0.61479523547557802  0.66788609968510282  0.67007351387834491
  0.67226092807158710  0.67444834226482919  0.67663575645807128  0.67882317065131337
  0.68101058484455546  0.68319799903779765  0.68538541323103974  0.68755853645572174
  0.68931671306749331  0.69107488967926478  0.69283306629103625  0.69459124290280783
  0.69634941951457929  0.69810759612635076  0.69986577273812223  0.70162394934989381
  0.70338212596166527  0.70514030257343674  0.70689847918520832  0.70865665579697978
  0.71041483240875136  0.71217300902052283  0.71393118563229441  0.71568936224406587
  0.71744753885583745  0.71920571546760892  0.72096389207938039  0.72272206869115196
  0.72448024530292343  0.72623842191469501  0.72799659852646648  0.73019584134277227
  0.73327260512432746  0.73634936890588254  0.73942613268743762  0.74250289646899270
  0.74557966025054778  0.74865642403210297  0.81603038317471277  0.93324785368379493
  0.94155612163057922  0.94576492040144722  0.94997371917231510  0.95418251794318298
  0.95838078816045402  0.96182535823528914  0.96526992831012415  0.96871449838495927
  0.97215906845979427  0.97560363853462939  0.97843599716822305  1.00000000000000000
  0.05786329110463462  0.05837991206551787  0.05889653302640111  0.05941315398728436
  0.05992977494816761  0.06044639590905085  0.06096301686993409  0.06147963783081734
  0.06199625879170059  0.06257038460631539  0.06539358813521691  0.06821679166411844
  0.07103999519301996  0.07386319872192149  0.07668640225082302  0.07950960577972453
  0.08233280930862606  0.15663876353826980  0.21039342289137394  0.21417533456809906
  0.21795724624482418  0.22173915792154933  0.22552106959827445  0.22930298127499957
  0.23308489295172466  0.23686680462844975  0.24064871630517484  0.24443062798189993
  0.24821253965862500  0.25199445133535009  0.25577636301207518  0.25955827468880027
  0.26334018636552536  0.26712209804225046  0.27295526295126554  0.38650026566072510
  0.50004526837018459  0.60433188482543765  0.60632259830015178  0.60831331177486592
  0.61030402524958005  0.61229473872429419  0.61428545219900832  0.61627616567372245
  0.61826687914843659  0.62025759262315072  0.62224830609786486  0.62423901957257899
  0.62622973304729312  0.62822044652200726  0.63021115999672139  0.63220187347143553
  0.63419258694614966  0.63618330042086380  0.63817401389557793  0.64016472737029206
  0.64215544084500620  0.64414615431972033  0.64613686779443447  0.64812758126914860
  0.65011829474386273  0.65210900821857687  0.65409972169329111  0.65609043516800525
  0.65808114864271938  0.66007186211743352  0.66206257559214765  0.66405328906686178
  0.66604400254157603  0.74469656352661950  0.85431392554429608  0.85841721922665526
  0.86252051290901444  0.86662380659137361  0.87072710027373268  0.87483039395609186
  0.87893368763845103  0.88303698132081021  0.88714027500316939  0.89124356868552845
  0.89534686236788763  0.89845912771304393  0.90143809746985737  0.90441706722667081
  0.90739603698348414  0.91037500674029759  0.91335397649711092  0.91633294625392436
  0.91958570042607124  0.92287299480074847  0.92616028917542570  0.92944758355010304
  0.93273487792478027  0.93602217229945750  0.96445161501566556  1.00000000000000000
  0.01979511578877763  0.25112498196654820  0.25224996393309640  0.25337494589964454
  0.25449992786619274  0.25562490983274094  0.25674989179928914  0.25787487376583729
  0.25899985573238549  0.26012483769893369  0.26124981966548189  0.26237480163203009
  0.26349978359857823  0.26462476556512643  0.26574974753167463  0.26687472949822283
  0.26799971146477097  0.26912469343131917  0.27024967539786737  0.27152155622391094
  0.27295182404209289  0.27438209186027485  0.27581235967845680  0.27724262749663875
  0.27867289531482070  0.28010316313300265  0.28153343095118460  0.28296369876936656
  0.28439396658754851  0.28582423440573046  0.28725450222391241  0.28868477004209436
  0.29011503786027631  0.29154530567845827  0.29327304094520995  0.29502835719992171
  0.29678367345463341  0.29853898970934517  0.30029430596405687  0.30204962221876858
  0.30380493847348033  0.30556025472819204  0.30731557098290380  0.30907088723761550
  0.31082620349232726  0.31702761532724472  0.41451806479091879  0.44010457113069629
  0.44351251467556496  0.44692045822043358  0.45032840176530226  0.45373634531017087
  0.45714428885503949  0.46055223239990817  0.46396017594477684  0.46736811948964552
  0.47077606303451425  0.47418400657938292  0.47759195012425160  0.48040095776171360
  0.48269548777039456  0.48499001777907552  0.48728454778775643  0.48957907779643739
  0.49187360780511835  0.49416813781379931  0.49646266782248027  0.49875719783116118
  0.50132557111221432  0.50421753857793505  0.50710950604365590  0.51000147350937663
  0.51289344097509737  0.51578540844081811  0.51867737590653895  0.52156934337225969
  0.52446131083798053  0.52735327830370127  0.53024524576942211  0.53313721323514285
  0.53602918070086369  0.53892114816658454  0.54660357403261284  0.64409402349628675
  0.74158447295996088  0.83366998555309346  0.83938623861495054  0.84510249167680762
  0.85081874473866481  0.85625555333249159  0.86129733344030823  0.86633911354812487
  0.87138089365594140  0.88832146326700845  0.88832146326701844  1.00000000000000000
   7.8891938788468185E-006  -1.0000000000000000     
 F F F F F F F F F F F F F F F F
  <DiscreteSampler_grid>
  grouped_processes
  1 # 1 for a reference and 2 for a running grid.
  10 # Attribute 'min_bin_probing_points' of the grid.
  1 # Attribute 'grid_mode' of the grid. 1=='default',2=='initialization'
  0.0000000000000000 # Attribute 'small_contrib_threshold' of the grid.
  0.5000000000000000 # Attribute 'damping_power' of the grid.
 # binID   n_entries weight   weight_sqr   abs_weight
    10   10   6.320111229019516E+008   9.822143372805380E+017   6.320111229019516E+008
  </DiscreteSampler_grid>
