 AVE   0.0000000000000000        0.0000000000000000        0.0000000000000000        0.0000000000000000        0.0000000000000000        0.0000000000000000        0.0000000000000000     
 AVE   3.0406064297635003E-002   2.7473337618859624E-002   2.5471910271195271E-002  0.15785478566294206       0.11616220452554052        6.6411787730357275E-002   2.9387501648921871E-002
 AVE   6.2744798094260507E-002   5.6741973294247128E-002   4.9538587435785382E-002  0.21408781455690978       0.19882041850251975       0.11363789902239352        5.6558696593682352E-002
 AVE   9.6027892645081839E-002   8.7191694994285071E-002   7.3383954312663882E-002  0.25199887567621165       0.26261686455069133       0.15102508536954465        8.3212132060266536E-002
 AVE  0.12880841340196181       0.11953773038920187        9.8454736201320933E-002  0.28520363260608517       0.31959305323920995       0.18370048926363541       0.11156569476849160     
 AVE  0.16248480667607706       0.15195436743736765       0.12491640639223227       0.31783397662716978       0.37249976731550577       0.21403710157451142       0.14147258020077172     
 AVE  0.19517059138059797       0.18423869747963284       0.15270527540460010       0.33873555903847202       0.41902658621801392       0.24432058907347520       0.17128352403419472     
 AVE  0.22655062092490597       0.21528642272432508       0.17921175428919356       0.35656703881851365       0.45093716286660956       0.27493331080158107       0.20188280168909062     
 AVE  0.25603372932884633       0.24639024306750723       0.20494863805066468       0.37376405804127710       0.48264637211770994       0.30352031212653552       0.23431276789307248     
 AVE  0.28283744685884865       0.27815760783887994       0.22899016710597911       0.39101377706087487       0.51456975474227817       0.32874884883743821       0.26766374135971666     
 AVE  0.31003680613810813       0.30884862690835568       0.25293353138890962       0.40795275365539002       0.54574177573899585       0.35478505050459835       0.30248553593257843     
 AVE  0.33795962138348984       0.33773049531939547       0.27765226283637079       0.42456481801396923       0.57668155464102533       0.38194178289285158       0.33790237421643710     
 AVE  0.36645999998343293       0.36759011134588693       0.30273321833584887       0.43958827656743593       0.60618494336104511       0.41078363469653711       0.37205699126910402     
 AVE  0.39482493273532521       0.39901041829150113       0.32835606987235877       0.45352819015976992       0.63532711798729846       0.44048195524849426       0.40337724132328046     
 AVE  0.42366599100202690       0.43029907205377471       0.35283690847090265       0.46645282162123169       0.66134602831627032       0.47113022978949992       0.43169057696850838     
 AVE  0.45240468117160432       0.45970222501988145       0.37722410702172154       0.47862160578197371       0.68526796230666864       0.50234289533139120       0.45932400552181402     
 AVE  0.48213380157844482       0.48697064280120295       0.40303079039677803       0.49118039191803181       0.70805744349012512       0.53489702189400068       0.48744839931837963     
 AVE  0.51108463971993623       0.51524550619295495       0.43029403943620159       0.50495673852273770       0.73146159279126044       0.56843048382911687       0.51832582482214817     
 AVE  0.53749943916878218       0.54624063352432961       0.45673784352254276       0.51924998310296278       0.75299973525639674       0.60503872785081558       0.54927919875073361     
 AVE  0.56377493595047079       0.57859794007901644       0.48300655055308800       0.53393105285235110       0.77482461872849306       0.64098879526513863       0.57883753811144456     
 AVE  0.59149362434617203       0.61112697736844723       0.50906527165516213       0.54919948481907643       0.79555791597141046       0.67712762822373196       0.60790027621075304     
 AVE  0.62002964701858754       0.64327934757246163       0.53542591713633148       0.56482603866636949       0.81704960271653426       0.71147466157807204       0.63643110189724339     
 AVE  0.65016886385457717       0.67484479744024883       0.56114682300845820       0.57996512291170232       0.83870004249136909       0.74638610902304103       0.66604070681706884     
 AVE  0.67754866494171617       0.70693123076179654       0.58800860717839720       0.59503505266387524       0.85718857555019945       0.77776965322605196       0.69673341761977747     
 AVE  0.70437565827155180       0.74073482513165678       0.61768196391845986       0.61057575938320530       0.87439793864513604       0.80749153555463216       0.72839175158870284     
 AVE  0.73573069598349583       0.77377586858489766       0.64628235118294819       0.62675778158183282       0.89091860331422179       0.83146475197789493       0.76559423208495447     
 AVE  0.76793003533025739       0.80655014030510896       0.67982625630357441       0.64376565636325522       0.90729016929231010       0.85863103883105052       0.80125045837219022     
 AVE  0.80313891336673160       0.83816263676337799       0.71721956157713995       0.66464842151041137       0.92309797113647274       0.88551102898202394       0.83482411387275168     
 AVE  0.83901455855063922       0.86815638507588533       0.75395635385611881       0.69660965971411037       0.93777705731153205       0.91195036566659160       0.86937175044852966     
 AVE  0.87296927140950009       0.89644759916361416       0.79570837210185952       0.73173306625616197       0.95186655721138025       0.93546926043626832       0.89926136643414600     
 AVE  0.90799391530769691       0.92704143524991833       0.84596746442497461       0.77245098081916319       0.96575027510495981       0.95757727667938042       0.93289588343169694     
 AVE  0.95006904648721191       0.96205215296594937       0.90986024288967260       0.82994035908481423       0.98184155137689899       0.97839471730882499       0.96568639546605894     
 AVE   1.0000000000000000        1.0000000000000000        1.0000000000000000        1.0000000000000000        1.0000000000000000        1.0000000000000000        1.0000000000000000     
 AVE  -7.5462186326143685       -7.7917202125336482       -7.6539622276918076       -6.7000426925977221     
 AVE   0.0000000000000000        0.0000000000000000        0.0000000000000000        0.0000000000000000     
 AVE  0.27503666631107893       0.31430325427656847       0.42864847744683210       0.30931286603013292     
 AVE   0.0000000000000000        0.0000000000000000        0.0000000000000000        0.0000000000000000     
 AVE  -8.2545792314605588       -7.7994848825297858       -7.9801635952570429       -7.5355209971867634     
 AVE   0.0000000000000000        0.0000000000000000        0.0000000000000000        0.0000000000000000     
 AVE  0.29319635451299952       0.28476860851228092       0.32298480323804407       0.30445490564328681     
 AVE   0.0000000000000000        0.0000000000000000        0.0000000000000000        0.0000000000000000     
 AVE  -8.2939984389058772       -7.8899010805440914       -7.8872005521177391       -7.9890160646175650     
 AVE   0.0000000000000000        0.0000000000000000        0.0000000000000000        0.0000000000000000     
 AVE  0.31979877146565688       0.29596375414300008       0.29951650410072939       0.29700974335187130     
 AVE   0.0000000000000000        0.0000000000000000        0.0000000000000000        0.0000000000000000     
 AVE  -7.5588297317925761       -8.0390742616144042       -8.0974380020723409       -7.8611829820395958     
 AVE   0.0000000000000000        0.0000000000000000        0.0000000000000000        0.0000000000000000     
 AVE  0.32644861586706841       0.29956449911367966       0.27543174828576517       0.30159137293557342     
 AVE   0.0000000000000000        0.0000000000000000        0.0000000000000000        0.0000000000000000     
 AVE  -7.5435832286970443       -7.7292372360772266       -7.8244714468327095       -7.8863084308287696     
 AVE   0.0000000000000000        0.0000000000000000        0.0000000000000000        0.0000000000000000     
 AVE  0.32194472990076090       0.30454431034956858       0.26387161467742742       0.30412437460515601     
 AVE   0.0000000000000000        0.0000000000000000        0.0000000000000000        0.0000000000000000     
 AVE  -8.1420888686292141       -7.7551768946555066       -8.0677070946061722       -8.0436011329735049     
 AVE   0.0000000000000000        0.0000000000000000        0.0000000000000000        0.0000000000000000     
 AVE  0.30846711100204632       0.31313865198786256       0.26358663163552160       0.30227163368088084     
 AVE   0.0000000000000000        0.0000000000000000        0.0000000000000000        0.0000000000000000     
 AVE  -7.9746426859246933       -7.9674458422341727       -7.1813972022736010       -7.4357690643143339     
 AVE   0.0000000000000000        0.0000000000000000        0.0000000000000000        0.0000000000000000     
 AVE  0.30151267123077963       0.29949233562198185       0.25989300974988122       0.30616445380449980     
 AVE   0.0000000000000000        0.0000000000000000        0.0000000000000000        0.0000000000000000     
 AVE  -7.4561861745389448       -7.8953260657556870       -6.4128238992477788       -7.0832355808280605     
 AVE   0.0000000000000000        0.0000000000000000        0.0000000000000000        0.0000000000000000     
 AVE  0.27076461461996543       0.30532891165416709       0.29802563278715127       0.32832502887267417     
 AVE   0.0000000000000000        0.0000000000000000        0.0000000000000000        0.0000000000000000     
 SUM   8.2981869963172592       -3.7464576924165978       -54.866908843381580       -3.7550617056300306E-002   54.918691689148091        21.651440143949721        0.0000000000000000        0.0000000000000000       -2.9647335682727701E-002   21.651440143949721       -54.840413187811635        0.0000000000000000        0.0000000000000000        0.0000000000000000        0.0000000000000000        0.0000000000000000        0.0000000000000000        0.0000000000000000        0.0000000000000000        0.0000000000000000        0.0000000000000000        0.0000000000000000        0.0000000000000000        0.0000000000000000        0.0000000000000000        0.0000000000000000     
 QSM  0.35913327874747458       0.36061933668371310        2.4455577617017541        1.3827984516917584E-003   2.4455361176643780       0.89881110163216249        0.0000000000000000        0.0000000000000000        3.7758031949033342E-002  0.89881110163216249        2.4392488207256759        0.0000000000000000        0.0000000000000000        0.0000000000000000        0.0000000000000000        0.0000000000000000        0.0000000000000000        0.0000000000000000        0.0000000000000000        0.0000000000000000        0.0000000000000000        0.0000000000000000        0.0000000000000000        0.0000000000000000        0.0000000000000000        0.0000000000000000     
 SPE       26244           2         511
 AVE   1.0000000000000000       -6.5720248031596338     
 AVE   0.0000000000000000        0.0000000000000000        0.0000000000000000        0.0000000000000000        0.0000000000000000        0.0000000000000000        0.0000000000000000     
 AVE   3.3831580235348449E-002   2.7621379139256882E-002   4.3424441555864952E-002  0.16828572513794635        5.6718975585624026E-002   6.3156486868025080E-002   3.2427930596027409E-002
 AVE   6.6346181507062632E-002   5.3924437175486263E-002   7.3579005027862993E-002  0.24342858729643316       0.10043598910540770       0.12314605542891166        6.6103459638019280E-002
 AVE   9.9418688220429374E-002   8.3094339720671095E-002   9.8431066802098191E-002  0.27252170100799294       0.12720222215194174       0.18179491488125143        9.8555759457526454E-002
 AVE  0.12942869246431740       0.11295322165358537       0.12141741229335283       0.29822643848627273       0.15243546635255284       0.23116604452036538       0.13181740955427548     
 AVE  0.15971250529849823       0.14199797167391146       0.14580096885453081       0.31892822609471744       0.17514575898276039       0.27211481390477443       0.16351752572979406     
 AVE  0.19065829386503538       0.17102194260389836       0.16934852128110822       0.33723604710976013       0.19839960583708413       0.30858013448717109       0.19529522434813121     
 AVE  0.22220347558146483       0.20080269729154526       0.19174469149656617       0.35444083442195878       0.22404895830042423       0.34147748705043307       0.22669643828001426     
 AVE  0.25436952467392376       0.23102054731349334       0.21301712609804524       0.37180078516620646       0.24837770569169992       0.37023672824107573       0.25785115537418668     
 AVE  0.28662914565341036       0.26121363404088072       0.23408525755333945       0.38932330813111116       0.26783838735739984       0.39546223339755493       0.29092800086576664     
 AVE  0.32015064617063227       0.29171261044462216       0.25467250927698221       0.40718172624662696       0.28899433358221538       0.41916646114301748       0.32379969451489904     
 AVE  0.35310191472209451       0.32263503596151571       0.27414137037222258       0.42314635639897780       0.31143371020817062       0.44233121677360449       0.35570640672256337     
 AVE  0.38355800356977221       0.35414246864919091       0.29261451205325079       0.43882041768110541       0.33369949973940710       0.46440799050269499       0.38492113296153901     
 AVE  0.41353464029174208       0.38636842399492521       0.31001256857661269       0.45402877827889843       0.35842622869084856       0.48501628385983819       0.41331588269917757     
 AVE  0.44182684576891501       0.41821218984741820       0.32899024608947169       0.46945770603927695       0.38215018932459499       0.50359420211125738       0.44178272862202689     
 AVE  0.46990506455914166       0.44825856440770656       0.34869653006777657       0.48379940743451844       0.40503397437737731       0.52145434634664745       0.47323191429985034     
 AVE  0.49560467422834392       0.47897115258603962       0.37016598929327932       0.49819839091557461       0.42818205810457988       0.53857276536350240       0.50558250701600671     
 AVE  0.52285520361776261       0.51129555157903062       0.39167939495411264       0.51355197983477863       0.45123568739385994       0.55538196312385579       0.53598308721703791     
 AVE  0.55349335130149868       0.54437053813922942       0.41318306950079664       0.52908421765786895       0.47477434131861596       0.57170887011462079       0.56705117915156655     
 AVE  0.58997503366957726       0.57679911101999670       0.43476335137154803       0.54325737062987911       0.49929993721742832       0.58740815493563803       0.59938030897652483     
 AVE  0.62604532462510010       0.60940449178425382       0.45621908359797131       0.55757906993180684       0.52585849694521825       0.60263222229296587       0.62922558519410476     
 AVE  0.65784394102120780       0.64302637965324350       0.47742392036332537       0.57303519464709007       0.55359513172391528       0.61775810670530906       0.65765355314998730     
 AVE  0.69104976846625499       0.67841123803427517       0.49946862923828772       0.58875825743213428       0.58351922085645613       0.63261208624754861       0.68494217141008218     
 AVE  0.72266797601942312       0.71291139213734578       0.52171029463812224       0.60487113459597808       0.61463153228148881       0.64665226800931208       0.71369131035462419     
 AVE  0.75390779689470400       0.74636658277666501       0.54646142812079002       0.62160163877883745       0.64909389602774381       0.66014196791450941       0.74636704611422788     
 AVE  0.78526653205852048       0.77761226787222582       0.57365050040473986       0.63922861311090207       0.68314178147638949       0.67423384163318290       0.77839841907183271     
 AVE  0.81636989603131127       0.80941767440803059       0.60197239583302220       0.65695370052554114       0.71813151531877117       0.68922649555005322       0.81058911231964392     
 AVE  0.84637848579354868       0.84110195812530431       0.63327420975281923       0.67728685516823395       0.75825668570091398       0.71065072732126811       0.84497598158953147     
 AVE  0.87752607119811621       0.87299132415203085       0.66609555532502451       0.69852617201899392       0.80872959444169024       0.74818981829164610       0.88043867598557701     
 AVE  0.90705314791390090       0.90512888691479598       0.70930906194359467       0.72588648012321766       0.86422865698214379       0.82204581899859408       0.91001356780550968     
 AVE  0.93574764933944743       0.93650403577961627       0.75711584069402793       0.75611216455948815       0.91339947297168234       0.90461778160173401       0.93952640452617764     
 AVE  0.96659438523135743       0.96894922509837267       0.84059717351715135       0.82336069117835131       0.95635906631267409       0.95793621091357473       0.96841721655101010     
 AVE   1.0000000000000000        1.0000000000000000        1.0000000000000000        1.0000000000000000        1.0000000000000000        1.0000000000000000        1.0000000000000000     
 AVE  -9.9916006240441604       -10.110296743403410       -9.6283934894508185       -9.9168964252586065     
 AVE   0.0000000000000000        0.0000000000000000        0.0000000000000000        0.0000000000000000     
 AVE  0.27302395599876694       0.30535165126010250       0.43258346541578729       0.28012655677699733     
 AVE   0.0000000000000000        0.0000000000000000        0.0000000000000000        0.0000000000000000     
 AVE  -10.284545749490263       -9.9721672307075071       -9.9887988268028369       -10.093693855511829     
 AVE   0.0000000000000000        0.0000000000000000        0.0000000000000000        0.0000000000000000     
 AVE  0.29561741111514872       0.30686527572569605       0.32501946950992849       0.30017266937567305     
 AVE   0.0000000000000000        0.0000000000000000        0.0000000000000000        0.0000000000000000     
 AVE  -10.206642133990133       -10.048996019377542       -10.309021788098576       -10.132761012203332     
 AVE   0.0000000000000000        0.0000000000000000        0.0000000000000000        0.0000000000000000     
 AVE  0.30947502665375481       0.30170957225867751       0.29318461157424114       0.29876141481675439     
 AVE   0.0000000000000000        0.0000000000000000        0.0000000000000000        0.0000000000000000     
 AVE  -9.7777727020613288       -10.154794085406872       -10.383794501356375       -10.196907548656526     
 AVE   0.0000000000000000        0.0000000000000000        0.0000000000000000        0.0000000000000000     
 AVE  0.32338319082917405       0.30177415617995040       0.27841617011824821       0.30396268503196872     
 AVE   0.0000000000000000        0.0000000000000000        0.0000000000000000        0.0000000000000000     
 AVE  -9.8260842330769229       -9.9940750864251928       -10.488661602031177       -10.158937749402526     
 AVE   0.0000000000000000        0.0000000000000000        0.0000000000000000        0.0000000000000000     
 AVE  0.31951305406886576       0.30110771534807312       0.26562615446166765       0.30179680007598864     
 AVE   0.0000000000000000        0.0000000000000000        0.0000000000000000        0.0000000000000000     
 AVE  -10.330948566207805       -10.147015908447990       -9.7812722321571215       -9.9762174515960709     
 AVE   0.0000000000000000        0.0000000000000000        0.0000000000000000        0.0000000000000000     
 AVE  0.31223085776973081       0.30049943666813278       0.26315990525200683       0.30037075880428177     
 AVE   0.0000000000000000        0.0000000000000000        0.0000000000000000        0.0000000000000000     
 AVE  -10.334921327140085       -10.292630596945981       -9.1435523344213081       -9.5380891007536537     
 AVE   0.0000000000000000        0.0000000000000000        0.0000000000000000        0.0000000000000000     
 AVE  0.30057428005900899       0.29833922353726555       0.27656652384486735       0.30913911935686345     
 AVE   0.0000000000000000        0.0000000000000000        0.0000000000000000        0.0000000000000000     
 AVE  -9.8630324777642446       -10.033303070440478       -8.0987726753335849       -10.047003061478916     
 AVE   0.0000000000000000        0.0000000000000000        0.0000000000000000        0.0000000000000000     
 AVE  0.28439457057928585       0.30097173675471206       0.29157880018159799       0.31604729557894223     
 AVE   0.0000000000000000        0.0000000000000000        0.0000000000000000        0.0000000000000000     
 SUM   40.846260029279719        30.444546346950084       -57.834723288216338      -0.19014619945431491        57.905075484158118        23.078552566556564        0.0000000000000000        0.0000000000000000       -2.0799385235069710E-002   23.078552566556564       -57.813788756671784        0.0000000000000000        0.0000000000000000        0.0000000000000000        0.0000000000000000        0.0000000000000000        0.0000000000000000        0.0000000000000000        0.0000000000000000        0.0000000000000000        0.0000000000000000        0.0000000000000000        0.0000000000000000        0.0000000000000000        0.0000000000000000        0.0000000000000000     
 QSM  0.96335702243386090       0.97352400504189496        1.7478449986612514        2.9990052058527614E-003   1.7478004521768506       0.64636502525192696        0.0000000000000000        0.0000000000000000        2.9717203713607612E-002  0.64636502525192696        1.7452900509292262        0.0000000000000000        0.0000000000000000        0.0000000000000000        0.0000000000000000        0.0000000000000000        0.0000000000000000        0.0000000000000000        0.0000000000000000        0.0000000000000000        0.0000000000000000        0.0000000000000000        0.0000000000000000        0.0000000000000000        0.0000000000000000        0.0000000000000000     
 SPE       26244           2        2192
 AVE   1.0000000000000000       -8.9882854433597537     
 AVE   0.0000000000000000        0.0000000000000000        0.0000000000000000        0.0000000000000000        0.0000000000000000        0.0000000000000000        0.0000000000000000     
 AVE   6.1110053251547600E-003   3.2440582191493587E-002   5.3458434644489745E-002  0.19172235512321206       0.14956693029149229        6.8520292432805080E-002   3.1628242396616386E-002
 AVE   1.2412303698944669E-002   6.3362663465850816E-002   9.5739643351612766E-002  0.26203597690464309       0.23449694006205687       0.11897386413665720        6.1966049276788907E-002
 AVE   1.9264162413849376E-002   9.4484636684985926E-002  0.12794942498683973       0.29508750387691790       0.29119801532367701       0.14831386757478165        9.5681922224264249E-002
 AVE   2.7191394921564242E-002  0.12463796212343360       0.16281553886355565       0.32245042361647663       0.34148749785116789       0.17914789094142877       0.12777641073951640     
 AVE   3.5712237354005076E-002  0.15484271202722019       0.19733944607234435       0.34213134970798248       0.38963823763351069       0.20485127600806169       0.15879446854839879     
 AVE   4.5375983682637844E-002  0.18548328519539023       0.23188890239778481       0.35931315864592372       0.42932771998691571       0.23007440525615083       0.19192242597562831     
 AVE   5.5563484513320355E-002  0.21679991226481257       0.26552656434336391       0.37618819376049256       0.46536984465772602       0.25604718918663144       0.22283154596250562     
 AVE   6.6649856136835342E-002  0.24855652636851325       0.29723928181723047       0.39232834554370771       0.49791732515759884       0.28250269291368296       0.25394300088815763     
 AVE   7.8355348592972163E-002  0.27950971394407936       0.32754236172993589       0.40691857650300262       0.52814080931650975       0.30873428117449175       0.28430182933007847     
 AVE   9.1108813313563519E-002  0.31035386779148222       0.35594406715145477       0.42052503587954909       0.55688004034920857       0.33472576818241850       0.31517282023755555     
 AVE  0.10522944172257266       0.34101196217488566       0.38336937293345991       0.43424134736966719       0.58500209777432000       0.36141949411987095       0.34623875841818363     
 AVE  0.12040650133646068       0.37333193590521724       0.41073026036593246       0.44809876595106335       0.61321007734398481       0.38916682285128640       0.37639763453883268     
 AVE  0.13602492524816157       0.40695920076497244       0.43790979156065257       0.46184607954358814       0.64041246872478119       0.41879791633788621       0.40650821425637174     
 AVE  0.15347686989687639       0.43930694717240704       0.46504471580379264       0.47551559308556213       0.66614039644684175       0.44822087214932771       0.43748404681991832     
 AVE  0.17254776469291996       0.47134947477775746       0.49098075575745920       0.48908192535279804       0.69049708761600437       0.47948204279381423       0.47096831271668882     
 AVE  0.19292515705914359       0.50349905238130810       0.51633622899980725       0.50257425729741678       0.71216257561622731       0.51405744742697979       0.50446570888573250     
 AVE  0.21582413465508021       0.53582551855140015       0.54175155918181950       0.51562529734456997       0.73335088430248363       0.55152399123339257       0.53528245400792240     
 AVE  0.24102384212926220       0.56756369608279722       0.56782114671035833       0.52817177889071087       0.75433565861993324       0.59367949217939675       0.56510759649717790     
 AVE  0.26795066117640853       0.59892651490338400       0.59400714235987950       0.54048310091405827       0.77576194488990691       0.63098749619352190       0.59647905310765292     
 AVE  0.29763472347596692       0.62961962274850847       0.61942964190895500       0.55284197056155260       0.79605403709644396       0.66647848070081861       0.62541643927583068     
 AVE  0.32853003425954291       0.65998177386575252       0.64378382731232764       0.56596058084987411       0.81486355197325067       0.70393848884558885       0.65530290870563346     
 AVE  0.36251758619465907       0.69043908264880283       0.66715831048927465       0.57962706261598251       0.83384608800336035       0.74024660978082135       0.68599666318751662     
 AVE  0.39850626416541596       0.72046637655972490       0.69011062366830977       0.59399773442224424       0.85202432824125152       0.77687062733821288       0.71588151991759341     
 AVE  0.43817070753028087       0.75095293727741175       0.71331297285792572       0.60899386561071345       0.87011252415404294       0.80942469100964731       0.74652085594712148     
 AVE  0.48130938639267468       0.78050422880005577       0.73668647892193473       0.62548279950040131       0.88634610145560588       0.83973926279223809       0.77723497036043476     
 AVE  0.52857261550324464       0.80896084177706551       0.76043999552479902       0.64302281340976053       0.90219448679650727       0.86812532235792472       0.80752827292794949     
 AVE  0.58085310395726863       0.83891437623841236       0.78447075766103247       0.66239170852036922       0.91704387559126554       0.89538295315620409       0.83880146440154346     
 AVE  0.63678975751796041       0.87084841316036266       0.81151602570885273       0.68318924350388421       0.93098347278458571       0.92234410298705305       0.87268767685266257     
 AVE  0.70240685112798740       0.90431231222229946       0.84155765876158073       0.70818691210054163       0.94575595593439898       0.94289547756620107       0.90285737950879996     
 AVE  0.77505897685343617       0.93641650248303854       0.87523256256779713       0.74026705385263558       0.96039833745843373       0.96423991043589885       0.93319259858044867     
 AVE  0.87346565588773417       0.96713974116117996       0.92838420649115017       0.80533479223931947       0.98006381802964260       0.98235410465025752       0.96614495367397268     
 AVE   1.0000000000000000        1.0000000000000000        1.0000000000000000        1.0000000000000000        1.0000000000000000        1.0000000000000000        1.0000000000000000     
 AVE  -9.1733346214591602       -9.4538221097376223       -9.3299938525688795       -9.3230030079227291     
 AVE   0.0000000000000000        0.0000000000000000        0.0000000000000000        0.0000000000000000     
 AVE  0.24045305285012453       0.27274075036102247       0.41195198617786755       0.28862491389411077     
 AVE   0.0000000000000000        0.0000000000000000        0.0000000000000000        0.0000000000000000     
 AVE  -9.7131677425697962       -9.4137398723330001       -9.3196152542788226       -9.3562434598047126     
 AVE   0.0000000000000000        0.0000000000000000        0.0000000000000000        0.0000000000000000     
 AVE  0.27822562891574554       0.27334776287938717       0.32433391049485133       0.27870554206411008     
 AVE   0.0000000000000000        0.0000000000000000        0.0000000000000000        0.0000000000000000     
 AVE  -9.8816046897196212       -9.4056753728246001       -9.7067750931038006       -9.2972600427542975     
 AVE   0.0000000000000000        0.0000000000000000        0.0000000000000000        0.0000000000000000     
 AVE  0.30687091386006865       0.27239464476945979       0.28941445391841292       0.27305633585785977     
 AVE   0.0000000000000000        0.0000000000000000        0.0000000000000000        0.0000000000000000     
 AVE  -9.3411794857987331       -9.5850527114152904       -9.7719877537136295       -9.4962217276161027     
 AVE   0.0000000000000000        0.0000000000000000        0.0000000000000000        0.0000000000000000     
 AVE  0.32171700898344907       0.27309756923861406       0.26574424033629263       0.27386899959215899     
 AVE   0.0000000000000000        0.0000000000000000        0.0000000000000000        0.0000000000000000     
 AVE  -9.4665420708336718       -9.4258713149974724       -9.6066842998851705       -9.5744453057768428     
 AVE   0.0000000000000000        0.0000000000000000        0.0000000000000000        0.0000000000000000     
 AVE  0.32047899112615780       0.27585614578320944       0.25190436869521926       0.27744535678274773     
 AVE   0.0000000000000000        0.0000000000000000        0.0000000000000000        0.0000000000000000     
 AVE  -9.8529016256021986       -9.3606667502129710       -9.5565983866486448       -9.3897309650748202     
 AVE   0.0000000000000000        0.0000000000000000        0.0000000000000000        0.0000000000000000     
 AVE  0.31520778090158691       0.27485877992769281       0.23865036988437255       0.26805000875164231     
 AVE   0.0000000000000000        0.0000000000000000        0.0000000000000000        0.0000000000000000     
 AVE  -9.6393030598629341       -9.5056515084655366       -8.7916594414706566       -9.2520195170468433     
 AVE   0.0000000000000000        0.0000000000000000        0.0000000000000000        0.0000000000000000     
 AVE  0.29707474944390372       0.27857568522303672       0.23117532861124018       0.28098876274072693     
 AVE   0.0000000000000000        0.0000000000000000        0.0000000000000000        0.0000000000000000     
 AVE  -9.2622847911024238       -9.4468283329831824       -7.2506531903082552       -9.3543398817983512     
 AVE   0.0000000000000000        0.0000000000000000        0.0000000000000000        0.0000000000000000     
 AVE  0.27511416173545589       0.27358944906251598       0.26450749858522948       0.27270531837603507     
 AVE   0.0000000000000000        0.0000000000000000        0.0000000000000000        0.0000000000000000     
 SUM   35.297953295485748       -7.5833905826995505       -214.40191175423689      -0.14776619229964272        214.71777989942677        88.770016014147018        0.0000000000000000        0.0000000000000000       -5.7044590211231969E-002   88.770016014147018       -214.34419296309736        0.0000000000000000        0.0000000000000000        0.0000000000000000        0.0000000000000000        0.0000000000000000        0.0000000000000000        0.0000000000000000        0.0000000000000000        0.0000000000000000        0.0000000000000000        0.0000000000000000        0.0000000000000000        0.0000000000000000        0.0000000000000000        0.0000000000000000     
 QSM  0.77089501548783201       0.78561204265153817        4.7945881673025648        2.6889640757999439E-003   4.7943213292000513        1.8197332903739702        0.0000000000000000        0.0000000000000000        8.0883549763843848E-002   1.8197332903739702        4.7863816201537919        0.0000000000000000        0.0000000000000000        0.0000000000000000        0.0000000000000000        0.0000000000000000        0.0000000000000000        0.0000000000000000        0.0000000000000000        0.0000000000000000        0.0000000000000000        0.0000000000000000        0.0000000000000000        0.0000000000000000        0.0000000000000000        0.0000000000000000     
 SPE       26244           2        1901
 AVE   1.0000000000000000       -8.2661991949576787     
 AVE   0.0000000000000000        0.0000000000000000        0.0000000000000000        0.0000000000000000        0.0000000000000000        0.0000000000000000        0.0000000000000000     
 AVE   6.0374053215938904E-003   2.9938612342246994E-002   7.0583160556717414E-002  0.16825213230356309        5.9944167868615034E-002   6.0851071632058371E-002   2.9817385415601215E-002
 AVE   1.2243190502676617E-002   5.9434094943864584E-002  0.12393438602543508       0.24129074203369821       0.10471639937689467       0.11605132431801943        6.0610301811940243E-002
 AVE   1.9195212715731193E-002   9.0357450629150932E-002  0.16186121313517171       0.27384524108855846       0.13608595755365535       0.16201831500522307        9.0565263474413155E-002
 AVE   2.6516945575994690E-002  0.12123262833828312       0.19747238614290066       0.30399408422059515       0.16897594923865761       0.20448489118497293       0.12215466273754381     
 AVE   3.4371657171232001E-002  0.15245031015358937       0.22914801813558322       0.32486405556594528       0.19281051228853510       0.24191058882164407       0.15230220350046214     
 AVE   4.2751558954579820E-002  0.18320755290700394       0.25878152849498820       0.34528783318100592       0.21879161990821341       0.27564449915228612       0.18405152926175852     
 AVE   5.1621674525462340E-002  0.21492200739052081       0.28570835699664815       0.36279464153622587       0.24131253568250993       0.30564605288081981       0.21780900811018611     
 AVE   6.1057604665478160E-002  0.24657638843081373       0.31101420192831536       0.38001248766009277       0.26421413605328115       0.33420758801909889       0.24854166218123727     
 AVE   7.0941211290642528E-002  0.27848751178785502       0.33486483677313245       0.39562711549445334       0.28709345701819361       0.36026620889980815       0.27863507058418840     
 AVE   8.1766209454862182E-002  0.31031890497522280       0.35786742490298318       0.41165301783401848       0.30976312585534704       0.38553545024548797       0.30919150943230284     
 AVE   9.3634024584667908E-002  0.34338149705501930       0.38044529646118275       0.42752797072973259       0.33229167587989256       0.40846614282617716       0.34032597341305987     
 AVE  0.10680733301128839       0.37441339394234663       0.40320091373503614       0.44255214376450425       0.35410922819393503       0.43146560735036565       0.37167377235209126     
 AVE  0.12088181133242308       0.40674226977271283       0.42631445385405836       0.45688118348159629       0.37599294362715907       0.45259082616141633       0.40292332908484391     
 AVE  0.13607053959646345       0.43905851025423198       0.44935080960247981       0.47122758580606378       0.39832551196673283       0.47335043692823914       0.43348316372425372     
 AVE  0.15261155348027308       0.47216944796883853       0.47104620882679149       0.48622084948907579       0.42215499611759155       0.49395037384708634       0.46257468724353917     
 AVE  0.17078580303617719       0.50553835959138260       0.49274071023655863       0.50141174826194757       0.44540505284975351       0.51414404144919035       0.49236235335653844     
 AVE  0.19106334212722495       0.53761088237686083       0.51460499949055238       0.51521800073092017       0.47001769921066611       0.53236654778822323       0.52291174076139790     
 AVE  0.21371407835513312       0.57051093197242653       0.53689059375016246       0.52918235354662679       0.49397904494382938       0.55024085028630576       0.55443364059952338     
 AVE  0.23759307878659611       0.60316846222059040       0.55848079394578598       0.54282105297328020       0.51962751474165814       0.56731312646497689       0.58394633180004685     
 AVE  0.26377797174501089       0.63434081624837313       0.57981027258423312       0.55681218411368050       0.54492907426554571       0.58454327185192545       0.61355892916252031     
 AVE  0.29281362621873186       0.66345684436984820       0.59995282557298746       0.57152861584387460       0.57296712875069300       0.60067466342990050       0.64375759786422693     
 AVE  0.32629865538734426       0.69214806970542520       0.62109020820543903       0.58660034288367868       0.60184783152186661       0.61656695683739182       0.67593178393188846     
 AVE  0.36543591220455257       0.72241106344337969       0.64414379596977711       0.60235534134936608       0.63167800665793772       0.63233855337482048       0.70884966880320222     
 AVE  0.41022245142934094       0.75293741659655333       0.66697134579044537       0.61777683964330632       0.66430524163038307       0.64760974225174983       0.74138288507467820     
 AVE  0.46070485568256081       0.78427257279000806       0.69512492137953208       0.63570181765912270       0.69732242731489957       0.66419032394857247       0.77425233471952482     
 AVE  0.51692752439302725       0.81426803867661168       0.72113586876809932       0.65449640071546134       0.73092227029478574       0.67911870593465606       0.80593778406984251     
 AVE  0.57916751015040535       0.84542279346207327       0.74832999463229033       0.67607053418170171       0.77639549597922519       0.69954285111504488       0.83756005854250826     
 AVE  0.64777718302520526       0.87659427987486738       0.77486705914887788       0.69827590799408790       0.82384825708363596       0.72914670098239043       0.87011257083588944     
 AVE  0.72254719796258460       0.90699430739963327       0.80664613609614366       0.72783213126978963       0.87431014334587687       0.80116343623489927       0.90194906515150930     
 AVE  0.79936424872799128       0.93693460957105279       0.84074821682425505       0.76201982186382766       0.92037647798904587       0.89443880460947800       0.93484798170293271     
 AVE  0.89290448435440806       0.96936391193057658       0.90103154215267311       0.83346212777869910       0.96004435420852030       0.95416217666594327       0.96762613668148167     
 AVE   1.0000000000000000        1.0000000000000000        1.0000000000000000        1.0000000000000000        1.0000000000000000        1.0000000000000000        1.0000000000000000     
 AVE  -10.625425057202166       -10.900415655770264       -10.741143540740174       -11.085193118899157     
 AVE   0.0000000000000000        0.0000000000000000        0.0000000000000000        0.0000000000000000     
 AVE  0.23984176139538479       0.27658593894365119       0.41782740827514259       0.27540222027299888     
 AVE   0.0000000000000000        0.0000000000000000        0.0000000000000000        0.0000000000000000     
 AVE  -11.259111798925016       -10.833497535878127       -10.983767118912294       -10.886145708503864     
 AVE   0.0000000000000000        0.0000000000000000        0.0000000000000000        0.0000000000000000     
 AVE  0.28041522107752620       0.27355010536469171       0.32477903361273008       0.27677893908854462     
 AVE   0.0000000000000000        0.0000000000000000        0.0000000000000000        0.0000000000000000     
 AVE  -11.485849037336685       -11.077758172271048       -11.206317292297044       -10.921050329097568     
 AVE   0.0000000000000000        0.0000000000000000        0.0000000000000000        0.0000000000000000     
 AVE  0.30220141354199320       0.27742096105143316       0.29009514397681857       0.27583035348482732     
 AVE   0.0000000000000000        0.0000000000000000        0.0000000000000000        0.0000000000000000     
 AVE  -10.922904918633151       -10.955320788191955       -11.326366103353998       -10.945011882766041     
 AVE   0.0000000000000000        0.0000000000000000        0.0000000000000000        0.0000000000000000     
 AVE  0.32020997973648729       0.27448017943397146       0.26667096352031250       0.27414132456238571     
 AVE   0.0000000000000000        0.0000000000000000        0.0000000000000000        0.0000000000000000     
 AVE  -10.806466534770120       -11.010011195399136       -11.219613046715553       -10.968733162621833     
 AVE   0.0000000000000000        0.0000000000000000        0.0000000000000000        0.0000000000000000     
 AVE  0.32543923775342765       0.27378748998496055       0.25008216749889683       0.27318881761303604     
 AVE   0.0000000000000000        0.0000000000000000        0.0000000000000000        0.0000000000000000     
 AVE  -11.208845979690498       -10.896540500258080       -10.877814121454216       -10.992841193069770     
 AVE   0.0000000000000000        0.0000000000000000        0.0000000000000000        0.0000000000000000     
 AVE  0.32030604935734952       0.27294009932791224       0.24052813078903013       0.27610829514950819     
 AVE   0.0000000000000000        0.0000000000000000        0.0000000000000000        0.0000000000000000     
 AVE  -11.118154936239495       -10.950570973404043       -10.186525163255585       -10.648591276526769     
 AVE   0.0000000000000000        0.0000000000000000        0.0000000000000000        0.0000000000000000     
 AVE  0.29891396905726936       0.27604799930164331       0.23105718152228066       0.27489489477416118     
 AVE   0.0000000000000000        0.0000000000000000        0.0000000000000000        0.0000000000000000     
 AVE  -10.841950222340166       -10.855675122359957       -8.5245407471214687       -11.016131649768781     
 AVE   0.0000000000000000        0.0000000000000000        0.0000000000000000        0.0000000000000000     
 AVE  0.27968164439166560       0.27137890767351758       0.24673585272673848       0.27189715906276252     
 AVE   0.0000000000000000        0.0000000000000000        0.0000000000000000        0.0000000000000000     
 SUM   175.55745090794210        120.41602473682153       -219.12665467702124      -0.76811473789539420        219.50990098702812        91.794224547503276        0.0000000000000000        0.0000000000000000        1.6441614235367257E-002   91.794224547503276       -219.14405869541346        0.0000000000000000        0.0000000000000000        0.0000000000000000        0.0000000000000000        0.0000000000000000        0.0000000000000000        0.0000000000000000        0.0000000000000000        0.0000000000000000        0.0000000000000000        0.0000000000000000        0.0000000000000000        0.0000000000000000        0.0000000000000000        0.0000000000000000     
 QSM   1.9952556690459264        2.0717422844972533        3.3520917431816475        5.2949787278498209E-003   3.3516132344897231        1.2746438533339270        0.0000000000000000        0.0000000000000000        6.7881956147786637E-002   1.2746438533339270        3.3487962609499600        0.0000000000000000        0.0000000000000000        0.0000000000000000        0.0000000000000000        0.0000000000000000        0.0000000000000000        0.0000000000000000        0.0000000000000000        0.0000000000000000        0.0000000000000000        0.0000000000000000        0.0000000000000000        0.0000000000000000        0.0000000000000000        0.0000000000000000     
 SPE       26244           2        9583
 AVE   1.0000000000000000       -9.7013422328803607     
 AVE   0.0000000000000000        0.0000000000000000        0.0000000000000000        0.0000000000000000        0.0000000000000000        0.0000000000000000        0.0000000000000000     
 AVE   6.5403466937717031E-003   2.8667003014652807E-002   4.9065488755187847E-002  0.19483977770816210       0.14269454263760306        7.0709369992022708E-002   2.8023320275303666E-002
 AVE   1.3462705586656454E-002   5.8011129858794946E-002   9.1369724187762985E-002  0.25335403652026167       0.22607685371074776       0.11580154069351514        5.6572131685449195E-002
 AVE   2.1061343694281538E-002   8.8532686155445045E-002  0.12769508769381838       0.28750985890077513       0.28619130207544125       0.14915371893534779        8.4551878162607688E-002
 AVE   2.9531449539678255E-002  0.11852566028189261       0.16276175899130679       0.31524512877800431       0.33842109047376095       0.17859615417797162       0.11267431162127418     
 AVE   3.8797007690187381E-002  0.15156603230780749       0.19627895327088726       0.33824483114637366       0.38374730211996233       0.20518267571341647       0.14355893243023787     
 AVE   4.8920864841421142E-002  0.18412037558010605       0.22849951574823293       0.35670625514240178       0.42310715558143186       0.23115731585392563       0.17464247425746879     
 AVE   6.0162644122176673E-002  0.21626634455518376       0.25980011651339402       0.37316796649036477       0.45824899373774919       0.25845809690710470       0.20579264397989999     
 AVE   7.2396379454292739E-002  0.24978097846899303       0.29105286397080882       0.38906253118282791       0.49151832847513688       0.28649298952480895       0.23642805049308099     
 AVE   8.5675867571600339E-002  0.28203081457484408       0.32163422047163787       0.40330202945966381       0.52419408672579781       0.31424980681695575       0.27027886910725202     
 AVE  0.10027656356638241       0.31354579318487202       0.35127240903981705       0.41699241272254717       0.55556827697608413       0.34180059286700404       0.30303188446956869     
 AVE  0.11563261253886846       0.34468195085197845       0.37849965323573520       0.43074509464821298       0.58567072830236333       0.36860558164683943       0.33455209777843109     
 AVE  0.13124611332432518       0.37486922045482124       0.40502543882011427       0.44475528413426435       0.61468637056295228       0.39610278400640681       0.36374604133719657     
 AVE  0.14841288738011821       0.40473667900841181       0.43078166155274950       0.45981206962851573       0.64188130964716184       0.42516071554956408       0.39637637921061208     
 AVE  0.16769511789800534       0.43749749132282872       0.45643282632196169       0.47389454010801407       0.66741614860133369       0.45597280528818929       0.42920143738679817     
 AVE  0.18817845270220118       0.46656871882638440       0.48214548813271924       0.48734643502535530       0.69155315115550131       0.48763914930991381       0.46251949899303058     
 AVE  0.21078695559590138       0.49710351946710102       0.50782586531334073       0.50031427825473918       0.71496515869556954       0.52149450828152710       0.49865829017137736     
 AVE  0.23367548509992722       0.52715594082186024       0.53113239846925919       0.51339828194652548       0.73720619791689090       0.55695734621510395       0.53009305136225249     
 AVE  0.25802387338205351       0.55902587312386276       0.55567846533236986       0.52676419518483664       0.75787916978493297       0.59359052843277427       0.55955751047627356     
 AVE  0.28344470665835675       0.59111429384135816       0.58125283311335540       0.54017517358920608       0.77748628149221255       0.63210305448881254       0.58741648123199008     
 AVE  0.30986595444081155       0.62512007960527394       0.60670613104148929       0.55408828219875073       0.79654494542233234       0.66860450519358494       0.61588618858119781     
 AVE  0.34027032684472974       0.65710021284105602       0.63217307578245652       0.56770206733951800       0.81538668048059160       0.70381889048001567       0.64850647649281135     
 AVE  0.37611994774540869       0.68742059121548782       0.65687076097268515       0.58165892941312969       0.83396866922913004       0.73781124696928191       0.68059025680847562     
 AVE  0.41460005421770202       0.71799661717136209       0.68112904419213860       0.59608780788972315       0.85180817826122879       0.76959899941984866       0.71318743861066358     
 AVE  0.45546282639311353       0.74633405916413254       0.70536207708553023       0.61170088677855372       0.86857826631079971       0.80172162277192094       0.74448922124749728     
 AVE  0.49975265045693240       0.78004595466429849       0.73345134137753298       0.62729768835302047       0.88437597050183980       0.83441073568185964       0.77620397912136063     
 AVE  0.54861983223601918       0.81323943027867640       0.76027326663341221       0.64320384830353594       0.89997236820041648       0.86455652730041410       0.80767711244753015     
 AVE  0.59834707259273689       0.84656235603680030       0.78651675661477738       0.66135840586252581       0.91491490573853962       0.89079092356660106       0.83884793615334341     
 AVE  0.65817496429922107       0.87638501039882954       0.81293979581101738       0.68621210915984310       0.92976685183475749       0.91573662473439221       0.86937486111244033     
 AVE  0.72872846508774902       0.90800731944296487       0.84251671256791227       0.71505091424009426       0.94563324110942404       0.93798865399484599       0.90078275604546276     
 AVE  0.80273225194425635       0.93747902757206103       0.87377678846137941       0.74949984218412191       0.96229335743550326       0.95944626134079891       0.93304931173957295     
 AVE  0.88954798963759585       0.96890877120777286       0.92021575576100401       0.80968989471954544       0.98138953488900360       0.97948727610511843       0.96653852391482142     
 AVE   1.0000000000000000        1.0000000000000000        1.0000000000000000        1.0000000000000000        1.0000000000000000        1.0000000000000000        1.0000000000000000     
 AVE  -8.5875135280914101       -8.7141397751993015       -8.8481806817553039       -8.8401153912419286     
 AVE   0.0000000000000000        0.0000000000000000        0.0000000000000000        0.0000000000000000     
 AVE  0.24060929842588480       0.27854016404202969       0.41509982824141367       0.29236977667207920     
 AVE   0.0000000000000000        0.0000000000000000        0.0000000000000000        0.0000000000000000     
 AVE  -9.1465090340244970       -8.9621513160323030       -8.9759374921009520       -8.7717917032011545     
 AVE   0.0000000000000000        0.0000000000000000        0.0000000000000000        0.0000000000000000     
 AVE  0.28451366122896887       0.27296962849202944       0.32410266213924832       0.27221661222809290     
 AVE   0.0000000000000000        0.0000000000000000        0.0000000000000000        0.0000000000000000     
 AVE  -9.2170880668325879       -8.8232626500872460       -9.2168808276071683       -8.9139805293206305     
 AVE   0.0000000000000000        0.0000000000000000        0.0000000000000000        0.0000000000000000     
 AVE  0.30540927018199449       0.27440618889784590       0.28772458877372981       0.28188855977853877     
 AVE   0.0000000000000000        0.0000000000000000        0.0000000000000000        0.0000000000000000     
 AVE  -8.7735398680118220       -8.9899454108825960       -9.1416255713299552       -8.8162407695850344     
 AVE   0.0000000000000000        0.0000000000000000        0.0000000000000000        0.0000000000000000     
 AVE  0.32106903632993367       0.27589013489714953       0.26531152371474009       0.27668503475893114     
 AVE   0.0000000000000000        0.0000000000000000        0.0000000000000000        0.0000000000000000     
 AVE  -8.7647364808792254       -8.9302199766535004       -9.0193860596607820       -8.8651037996692530     
 AVE   0.0000000000000000        0.0000000000000000        0.0000000000000000        0.0000000000000000     
 AVE  0.32550294350611325       0.27725060833353249       0.25184242043432153       0.27477045100351649     
 AVE   0.0000000000000000        0.0000000000000000        0.0000000000000000        0.0000000000000000     
 AVE  -9.2501776431321936       -8.7505871169504772       -8.7116195623381412       -8.8798616718738845     
 AVE   0.0000000000000000        0.0000000000000000        0.0000000000000000        0.0000000000000000     
 AVE  0.31448204420605108       0.27909100269591497       0.24467794901177300       0.27369518813102833     
 AVE   0.0000000000000000        0.0000000000000000        0.0000000000000000        0.0000000000000000     
 AVE  -9.1752266793626376       -8.9235766861487864       -7.9909286301417390       -8.6445520953454320     
 AVE   0.0000000000000000        0.0000000000000000        0.0000000000000000        0.0000000000000000     
 AVE  0.30198851774313645       0.27779483057333082       0.23253987786143654       0.27661429065205784     
 AVE   0.0000000000000000        0.0000000000000000        0.0000000000000000        0.0000000000000000     
 AVE  -8.5413492955259507       -8.6428197245406704       -7.3517690589368820       -8.7521393153141336     
 AVE   0.0000000000000000        0.0000000000000000        0.0000000000000000        0.0000000000000000     
 AVE  0.27038221362124892       0.27448288618162636       0.24022130589098106       0.26693544473022685     
 AVE   0.0000000000000000        0.0000000000000000        0.0000000000000000        0.0000000000000000     
 SUM   35.090358823344843       -8.1506527317836177       -212.39199672490156      -0.14690275654330825        212.66898642536847        88.656395467530245        0.0000000000000000        0.0000000000000000        5.1212490764833106E-003   88.656395467530245       -212.39733601984156        0.0000000000000000        0.0000000000000000        0.0000000000000000        0.0000000000000000        0.0000000000000000        0.0000000000000000        0.0000000000000000        0.0000000000000000        0.0000000000000000        0.0000000000000000        0.0000000000000000        0.0000000000000000        0.0000000000000000        0.0000000000000000        0.0000000000000000     
 QSM  0.76929039484878703       0.78383667634209397        4.8258451071464128        2.6651850436729720E-003   4.8256134122939187        1.8533541598626853        0.0000000000000000        0.0000000000000000        8.6090538761938229E-002   1.8533541598626853        4.8104795759388539        0.0000000000000000        0.0000000000000000        0.0000000000000000        0.0000000000000000        0.0000000000000000        0.0000000000000000        0.0000000000000000        0.0000000000000000        0.0000000000000000        0.0000000000000000        0.0000000000000000        0.0000000000000000        0.0000000000000000        0.0000000000000000        0.0000000000000000     
 SPE       26244           2        1931
 AVE   1.0000000000000000       -7.3584606361595748     
 AVE   0.0000000000000000        0.0000000000000000        0.0000000000000000        0.0000000000000000        0.0000000000000000        0.0000000000000000        0.0000000000000000     
 AVE   5.7816104815723406E-003   3.2996021447046019E-002   7.2901014283302798E-002  0.17379715576893850        5.8998616254228774E-002   6.7134202574513843E-002   3.4172030821370714E-002
 AVE   1.1760538397625132E-002   6.5562523019309343E-002  0.12716130165967485       0.23983219104349304       0.10123269583519132       0.12624384993124840        6.7217314025953531E-002
 AVE   1.8744353795635209E-002   9.9285348870934265E-002  0.16682522815986187       0.27032982665362459       0.13271134874790963       0.16960546993498660        9.9218470721331192E-002
 AVE   2.5386849170249127E-002  0.13308398569860269       0.20156324594942174       0.29615646374145160       0.16221392070864676       0.21556650136740471       0.13170534443164672     
 AVE   3.2340364632030355E-002  0.16546901387591942       0.23114079863549161       0.31715704266597522       0.18692289330445863       0.24798607442630277       0.16401100261345125     
 AVE   3.9837116839539333E-002  0.19704580082802328       0.25950310075862054       0.33878131208902390       0.21153324730961789       0.28174172095490052       0.19672751786714424     
 AVE   4.8199692128908220E-002  0.22771917707925987       0.28682604264281858       0.35815697697401178       0.23356807033143542       0.31046578705439654       0.22943853761582408     
 AVE   5.7778388915675806E-002  0.25934245907361392       0.31363769010223091       0.37706688849999592       0.25651534536061804       0.33915801620973396       0.26202017546132267     
 AVE   6.8256023895063966E-002  0.29147029381953549       0.33881045155111161       0.39322073281587183       0.28033979138405479       0.36418704488861708       0.29470263324621876     
 AVE   7.8929576990718439E-002  0.32547279606254464       0.36256963090243788       0.40944797070715228       0.30409075304581890       0.38920674572746372       0.32707177898993184     
 AVE   9.0505556529545950E-002  0.35682750879587616       0.38479348666728347       0.42471220824491374       0.32730418303088532       0.41265771547286612       0.35894583741714398     
 AVE  0.10278470326100562       0.38732840319312262       0.40657523819150349       0.43968187934373154       0.35061165866577360       0.43560311782260852       0.38997478229981175     
 AVE  0.11673629669920638       0.41762764407307718       0.42782997336294365       0.45433785710186991       0.37326636867546198       0.45655110639051322       0.42088058399075068     
 AVE  0.13176471114416727       0.44726627353428089       0.44923114749272114       0.46859807169185763       0.39591103334161865       0.47699356639778245       0.45179980680457960     
 AVE  0.14787270860961665       0.47840155349180136       0.47046607334818746       0.48299476553210724       0.41956124911983722       0.49639373701783923       0.48182147801908504     
 AVE  0.16503224734969857       0.50919216596854000       0.49186226779730946       0.49705169692068574       0.44330123717660697       0.51519435139344916       0.51094373920591452     
 AVE  0.18465150569296540       0.53886759337457135       0.51322306797730055       0.51103113672593703       0.46814139505216090       0.53307809949053475       0.54160933956849477     
 AVE  0.20643798109183367       0.56860551287598105       0.53445291842103315       0.52522568581563822       0.49361761630979578       0.55063308992573878       0.57132707003942729     
 AVE  0.23069663743504781       0.59964726044851613       0.55406512814562503       0.53986338854895854       0.51979128879650205       0.56801308361247704       0.60041434339634758     
 AVE  0.25751313286385180       0.62834975949303540       0.57385994148046260       0.55451845779288167       0.54689451398468736       0.58517109344550433       0.63065084850651298     
 AVE  0.28759974422485080       0.65636407783935447       0.59333501810400746       0.56987685076483607       0.57554463286166968       0.60179342778484224       0.66222183674635393     
 AVE  0.32142816917711448       0.68388318200903209       0.61539436167898731       0.58536535670527534       0.60554058050479076       0.61786701730000138       0.69486573196245560     
 AVE  0.36001772504871121       0.71488573296762770       0.63661624537145267       0.60142925230420818       0.63769543758734248       0.63367869225011986       0.72603091399459840     
 AVE  0.40381157966842524       0.74660573513856321       0.65903904630149068       0.61717735686029562       0.66828229090903335       0.64893596383316809       0.75698160726578023     
 AVE  0.45216275314139126       0.77910990787806167       0.68565381603466735       0.63668143407554889       0.69856748390960377       0.66402209322844086       0.78903061462808000     
 AVE  0.50701168173873878       0.81047946938037396       0.71273576122847959       0.65608249954820519       0.72920854764602727       0.68045138725973087       0.82074796513044657     
 AVE  0.56881555926128535       0.84100571548918990       0.74080264896516512       0.67816211943518967       0.76825993241135659       0.70067793965752512       0.85287238577818081     
 AVE  0.63744126245202892       0.87270894593394910       0.76846565745861140       0.70008308218922910       0.81912220626377885       0.73479461467435914       0.88425684095158341     
 AVE  0.71300280538995786       0.90488699338400369       0.80284927225904912       0.72786741879797445       0.87191709087427471       0.80392818700811453       0.91470207971817563     
 AVE  0.79462456801349735       0.93768280774373491       0.83673097446036737       0.75926337327479432       0.91883050141317602       0.89254092211403713       0.94516920378154756     
 AVE  0.88715429945731272       0.96911997190782539       0.89852243989855718       0.82756812777204714       0.95871369307420029       0.95561262681709114       0.97326497938194867     
 AVE   1.0000000000000000        1.0000000000000000        1.0000000000000000        1.0000000000000000        1.0000000000000000        1.0000000000000000        1.0000000000000000     
 AVE  -10.575379305673421       -10.898314313703041       -10.649213785212563       -10.355113422959077     
 AVE   0.0000000000000000        0.0000000000000000        0.0000000000000000        0.0000000000000000     
 AVE  0.24156217804036700       0.27458681503185461       0.42049431234617096       0.29444360890242277     
 AVE   0.0000000000000000        0.0000000000000000        0.0000000000000000        0.0000000000000000     
 AVE  -11.101609753004070       -10.868906129258942       -10.921972117737260       -10.798770672070486     
 AVE   0.0000000000000000        0.0000000000000000        0.0000000000000000        0.0000000000000000     
 AVE  0.27969570669712185       0.27941763602120262       0.32425648625267472       0.27839317766941668     
 AVE   0.0000000000000000        0.0000000000000000        0.0000000000000000        0.0000000000000000     
 AVE  -11.290289682942936       -10.780275248166030       -11.136547711992691       -10.934945708480111     
 AVE   0.0000000000000000        0.0000000000000000        0.0000000000000000        0.0000000000000000     
 AVE  0.30577581942114690       0.27204207189531360       0.28873316402672999       0.27342737028283076     
 AVE   0.0000000000000000        0.0000000000000000        0.0000000000000000        0.0000000000000000     
 AVE  -10.536683379780474       -10.820741788954875       -11.192236227703340       -10.818110380586006     
 AVE   0.0000000000000000        0.0000000000000000        0.0000000000000000        0.0000000000000000     
 AVE  0.31806549502588244       0.27627286592835554       0.26684947275840987       0.27459856976116226     
 AVE   0.0000000000000000        0.0000000000000000        0.0000000000000000        0.0000000000000000     
 AVE  -10.652626446152945       -10.827139769593455       -11.091574512272471       -10.812320380128087     
 AVE   0.0000000000000000        0.0000000000000000        0.0000000000000000        0.0000000000000000     
 AVE  0.32514353420055625       0.27579819804535538       0.25174615797066985       0.27652284354198386     
 AVE   0.0000000000000000        0.0000000000000000        0.0000000000000000        0.0000000000000000     
 AVE  -11.321038639833104       -10.823109716903900       -10.786062386070254       -10.945359418683275     
 AVE   0.0000000000000000        0.0000000000000000        0.0000000000000000        0.0000000000000000     
 AVE  0.31402924997090659       0.27236551483381438       0.24284786091814325       0.27575051999773176     
 AVE   0.0000000000000000        0.0000000000000000        0.0000000000000000        0.0000000000000000     
 AVE  -11.146783445370914       -10.860693358897228       -10.012145540742797       -10.598070813927981     
 AVE   0.0000000000000000        0.0000000000000000        0.0000000000000000        0.0000000000000000     
 AVE  0.29887577288590311       0.27912097346998177       0.24018378196504125       0.27951091608169865     
 AVE   0.0000000000000000        0.0000000000000000        0.0000000000000000        0.0000000000000000     
 AVE  -10.721473786268099       -10.848992889597461       -8.8228307153387089       -10.334057991419682     
 AVE   0.0000000000000000        0.0000000000000000        0.0000000000000000        0.0000000000000000     
 AVE  0.27317999971004270       0.27552308282568616       0.24195685912653592       0.28493486414584390     
 AVE   0.0000000000000000        0.0000000000000000        0.0000000000000000        0.0000000000000000     
 SUM   174.19663227383356        122.86970417123608       -217.90207579124137      -0.79341700701458628        218.31751322542141        91.934835336186239        0.0000000000000000        0.0000000000000000       0.11487624534434256        91.934835336186239       -218.01887191875448        0.0000000000000000        0.0000000000000000        0.0000000000000000        0.0000000000000000        0.0000000000000000        0.0000000000000000        0.0000000000000000        0.0000000000000000        0.0000000000000000        0.0000000000000000        0.0000000000000000        0.0000000000000000        0.0000000000000000        0.0000000000000000        0.0000000000000000     
 QSM   2.2487774314142164        2.3552716851853308        3.0554120106830687        5.3386137558277882E-003   3.0548532693026744        1.1852560795964764        0.0000000000000000        0.0000000000000000        6.3078673233249741E-002   1.1852560795964764        3.0566579103261224        0.0000000000000000        0.0000000000000000        0.0000000000000000        0.0000000000000000        0.0000000000000000        0.0000000000000000        0.0000000000000000        0.0000000000000000        0.0000000000000000        0.0000000000000000        0.0000000000000000        0.0000000000000000        0.0000000000000000        0.0000000000000000        0.0000000000000000     
 SPE       26244           2       10202
 AVE   1.0000000000000000       -9.6220933110941207     
