 AVE   0.0000000000000000        0.0000000000000000        0.0000000000000000        0.0000000000000000        0.0000000000000000        0.0000000000000000        0.0000000000000000     
 AVE   1.7742088005726759E-002   2.8379116642786091E-002   2.8948768226447451E-002  0.25208406169990577       0.12313005158072224        8.1867242560483028E-002   2.3993533316642501E-002
 AVE   3.6389050322639185E-002   5.7204207154429677E-002   6.0371228790667870E-002  0.33646032369483292       0.20542360335704915       0.13427463576728377        4.9865947599127630E-002
 AVE   5.7096553884199111E-002   8.5727944773230452E-002   9.4701199095794650E-002  0.39353986684720899       0.26740986073160106       0.17765185209302334        7.8917018434021005E-002
 AVE   7.8974561425352197E-002  0.11550832629544362       0.13118749675316541       0.43617747529481005       0.32138254569798719       0.21666137922678977       0.10980702549068161     
 AVE  0.10205515500303276       0.14692492161665949       0.16797004370340973       0.46475122094810628       0.37113952485970358       0.25157623307891330       0.14022500434575880     
 AVE  0.12672209909118445       0.17757044361756835       0.20333569725822040       0.48932365323431942       0.41187332611342564       0.28451147695015822       0.16954908710273067     
 AVE  0.15488730182517615       0.20665893700844146       0.23674904161418939       0.51344803881679435       0.44657721012169604       0.31622102526968260       0.20055439371297845     
 AVE  0.18705282723210773       0.23626226317291363       0.26834089802312144       0.53472185873125133       0.47982574588119864       0.34702558769138364       0.23394980595305709     
 AVE  0.22347809222048098       0.26602896919320002       0.29680768745580327       0.55307344149840265       0.51205101689297561       0.37820017818045670       0.26788686993655930     
 AVE  0.25943119402979548       0.29622272242932074       0.32513749985846391       0.56977563442144941       0.54337204939023565       0.41274397589424489       0.30085955862567787     
 AVE  0.29459566751207905       0.32783683386952717       0.35473598470317186       0.58603115696705321       0.57218052181891255       0.44681603024735889       0.33347901263925955     
 AVE  0.33014658511550954       0.36038558352293809       0.38571506431568997       0.60251758551321277       0.59849897506037886       0.47940897116424241       0.36545265308015307     
 AVE  0.36968305842331806       0.39452327177223789       0.41485656880077793       0.61853099963391467       0.62406524491799398       0.51164255018175198       0.39493502099593053     
 AVE  0.40975292181818768       0.42880028748209009       0.44151348339942714       0.63398600663453064       0.64872836714150273       0.54315604696649655       0.42392174308006875     
 AVE  0.44617061944508984       0.46129958959033213       0.46679287575626294       0.64913289502216898       0.67021301497538455       0.57448860316267203       0.45494487882122414     
 AVE  0.48160147110420398       0.49211875123155963       0.49145454168087249       0.66431153175220137       0.69253743779754207       0.60649257531563705       0.48806656251189495     
 AVE  0.51786580644515123       0.52175496290385737       0.51713789356747530       0.67869663529640845       0.71464535244277883       0.63870280161634263       0.52062415613885404     
 AVE  0.55311571558731798       0.55358007323239733       0.54316408951208972       0.69239387518066031       0.73724174513613028       0.66945049413754909       0.55099816329718398     
 AVE  0.58756421809842341       0.58494929729735756       0.56893764015636594       0.70491122985599275       0.75979558046597262       0.69971314309283494       0.58266195937082554     
 AVE  0.62276165356041369       0.61441994819237578       0.59464290897693239       0.71704701825788497       0.78235789541557277       0.72835428237742805       0.61575724817366484     
 AVE  0.66038016607591676       0.64259434554966099       0.61976940873287822       0.72885467300909357       0.80458774889454054       0.75786549406608972       0.64969880272569380     
 AVE  0.69683506926151362       0.67239615233831529       0.64504874998894879       0.74036528097745236       0.82582681407672076       0.78490103040566950       0.68391175459687481     
 AVE  0.73086847532354027       0.70483535712266399       0.66924552747125243       0.75187338628454192       0.84497333302530320       0.81062845098894176       0.71849384509858438     
 AVE  0.76578643128262769       0.73820892214347367       0.69332943114924361       0.76476158616031964       0.86387832948511256       0.83436368117153314       0.75470431011525285     
 AVE  0.80088139711731043       0.77224757539081335       0.72270948744584784       0.77957387206731066       0.88192646720646573       0.85664918791953815       0.78852698459529902     
 AVE  0.83266186477568704       0.80571167654596743       0.75258590744597309       0.79486400596021656       0.89829367265503979       0.87821658503667654       0.81928436022232931     
 AVE  0.86294637109863859       0.83974621366647928       0.78103958529026973       0.81030392837243881       0.91357826639179396       0.90013767366236186       0.84931379772974303     
 AVE  0.89154596665692287       0.87339336123216726       0.80975313127205717       0.82656361863926153       0.92903997605851008       0.92205077790798895       0.88240091089394590     
 AVE  0.92035456297674101       0.90610914108229956       0.84154230904363414       0.84538371456980732       0.94568715650005974       0.94317119388047721       0.91507616854367257     
 AVE  0.94870450751238056       0.93736903010640849       0.87824337938733132       0.86835158561306780       0.96329106083567173       0.96319347714258963       0.94416258560411348     
 AVE  0.97535019481171215       0.96846696594559412       0.92643905629505208       0.90497775359692878       0.98141148073754625       0.98199781355107107       0.97243350856448041     
 AVE   1.0000000000000000        1.0000000000000000        1.0000000000000000        1.0000000000000000        1.0000000000000000        1.0000000000000000        1.0000000000000000     
 AVE  -12.353756589864915       -12.504376785478613       -12.788638218872180       -11.531334783977226     
 AVE   0.0000000000000000        0.0000000000000000        0.0000000000000000        0.0000000000000000     
 AVE  0.16119956094457280       0.15024499375810837        6.4393452341164434E-002  0.13762520581535509     
 AVE   0.0000000000000000        0.0000000000000000        0.0000000000000000        0.0000000000000000     
 AVE  -12.608017043625345       -11.899213067916731       -12.502751879816149       -12.012245671100331     
 AVE   0.0000000000000000        0.0000000000000000        0.0000000000000000        0.0000000000000000     
 AVE  0.16042351148877207       0.15415463419146078       0.11951445347908414       0.12971617787695175     
 AVE   0.0000000000000000        0.0000000000000000        0.0000000000000000        0.0000000000000000     
 AVE  -12.326063489696812       -12.359185277278137       -12.830592712075928       -12.587407300237770     
 AVE   0.0000000000000000        0.0000000000000000        0.0000000000000000        0.0000000000000000     
 AVE  0.15428701119058477       0.15550921401289394       0.14236581370138546       0.14873343570440017     
 AVE   0.0000000000000000        0.0000000000000000        0.0000000000000000        0.0000000000000000     
 AVE  -12.264305101557554       -12.255471007219477       -12.957137800300460       -12.479596297888889     
 AVE   0.0000000000000000        0.0000000000000000        0.0000000000000000        0.0000000000000000     
 AVE  0.16166503320782397       0.14469468518602194       0.15347407669213764       0.14402276981399356     
 AVE   0.0000000000000000        0.0000000000000000        0.0000000000000000        0.0000000000000000     
 AVE  -12.729044277897302       -12.561933478856320       -12.457640469806547       -12.415223064647970     
 AVE   0.0000000000000000        0.0000000000000000        0.0000000000000000        0.0000000000000000     
 AVE  0.16380367500752976       0.14367856122588027       0.17120398577285637       0.15111193793309419     
 AVE   0.0000000000000000        0.0000000000000000        0.0000000000000000        0.0000000000000000     
 AVE  -12.407944624767287       -12.631066279560565       -12.082967413535071       -12.246185300713995     
 AVE   0.0000000000000000        0.0000000000000000        0.0000000000000000        0.0000000000000000     
 AVE  0.16334485158484108       0.15693079976320518       0.18872710130778678       0.15506764134739995     
 AVE   0.0000000000000000        0.0000000000000000        0.0000000000000000        0.0000000000000000     
 AVE  -12.620254025961550       -12.545891636783056       -10.920761962359189       -12.605592863493333     
 AVE   0.0000000000000000        0.0000000000000000        0.0000000000000000        0.0000000000000000     
 AVE  0.15019808637729817       0.14432649239775291       0.20821271216467052       0.14743212949728754     
 AVE   0.0000000000000000        0.0000000000000000        0.0000000000000000        0.0000000000000000     
 AVE  -12.180624064466940       -12.543248115146799       -8.9296481084128150       -12.161875307586602     
 AVE   0.0000000000000000        0.0000000000000000        0.0000000000000000        0.0000000000000000     
 AVE  0.10668659796857598       0.14962340354246287       0.23185069064171740       0.14683035536017797     
 AVE   0.0000000000000000        0.0000000000000000        0.0000000000000000        0.0000000000000000     
 SUM   1.6019110030516501        4.0476379595943315E-002  -30.042948403397489       -1.0693484205286246        30.106369477882890        8.8837889413324493        0.0000000000000000        0.0000000000000000       -2.4190273423459988E-002   8.8837889413324493       -30.018365260600788        0.0000000000000000        0.0000000000000000        0.0000000000000000        0.0000000000000000        0.0000000000000000        0.0000000000000000        0.0000000000000000        0.0000000000000000        0.0000000000000000        0.0000000000000000        0.0000000000000000        0.0000000000000000        0.0000000000000000        0.0000000000000000        0.0000000000000000     
 QSM   6.6909345395861727E-002   6.7252640596579621E-002   1.1975368702257607        2.9895954751024315E-002   1.1975111617601271       0.33407844938340758        0.0000000000000000        0.0000000000000000        1.3533746289898703E-002  0.33407844938340758        1.1951903001187034        0.0000000000000000        0.0000000000000000        0.0000000000000000        0.0000000000000000        0.0000000000000000        0.0000000000000000        0.0000000000000000        0.0000000000000000        0.0000000000000000        0.0000000000000000        0.0000000000000000        0.0000000000000000        0.0000000000000000        0.0000000000000000        0.0000000000000000     
 SPE       32768           2         683
 AVE   1.0000000000000000       -10.900909695958777     
 AVE   0.0000000000000000        0.0000000000000000        0.0000000000000000        0.0000000000000000        0.0000000000000000        0.0000000000000000        0.0000000000000000     
 AVE   1.4582391890674449E-002   2.2017072733428789E-002   7.3771371124586857E-002  0.24440050680579709       0.14819183910226641       0.37688495439187480        2.7093196725415665E-002
 AVE   3.1022276079832843E-002   4.7090244659141370E-002  0.13246930335422447       0.32603915191269495       0.23603691886622893       0.55411349609206373        5.6028291288055129E-002
 AVE   4.8254161175990289E-002   8.0188648364890300E-002  0.17619337227624587       0.36329044348354683       0.30274174193224890       0.68415681971038433        8.8384220610821268E-002
 AVE   6.8363731076785922E-002  0.11113155819797238       0.20991711265930574       0.39316768976967215       0.35890664841616821       0.80374564954890404       0.12082200972546109     
 AVE   9.1427154069357502E-002  0.14274151891248607       0.23923426893284933       0.41747714638540784       0.40948026602312598       0.89208159456465552       0.15423371205079225     
 AVE  0.11874704413294628       0.17454401496929872       0.26672714945330539       0.43856879161187134       0.45695485913790401       0.93987268447552552       0.18686657116621322     
 AVE  0.15139763674288267       0.20845955848579223       0.29417866873980664       0.45465688264760079       0.49595873592764933       0.96471603458699129       0.22013460914325367     
 AVE  0.18772377436228235       0.23986945617690231       0.31897815406501207       0.47041865779863618       0.52728526461180014       0.97772659262715333       0.25594675711485182     
 AVE  0.22603968402817987       0.27385993211906662       0.34387812157257169       0.48598100460160937       0.55855503556571962       0.98587074106892170       0.28775921523373360     
 AVE  0.26657369514892471       0.30951581784840193       0.36908687413659919       0.50127750396479775       0.59210259761199302       0.99091093063532310       0.31700189834437387     
 AVE  0.30359303104328611       0.34638851688041183       0.39628026806122080       0.51777596171563056       0.62521171872269554       0.99391695737885144       0.34656273815307892     
 AVE  0.33777189649795919       0.36925235648251320       0.42280253056788764       0.53359858299132423       0.65331995435385093       0.99595191386773041       0.37607989446166201     
 AVE  0.37926557549605805       0.38917722582600334       0.44595272095772853       0.54887713485241574       0.67904332972667514       0.99735200353235087       0.40929065176032753     
 AVE  0.42555757741146200       0.41049811256172769       0.46470596046745516       0.56455234282283895       0.70607691013136697       0.99822302884824587       0.44065369532372722     
 AVE  0.48841779828644999       0.43301093627147574       0.48297532334071408       0.57974970232603507       0.72935094789003019       0.99880870565192359       0.47002902132619762     
 AVE  0.55226276144713071       0.46159956722150747       0.50270606669987294       0.59504814900947300       0.74475982764801041       0.99921133838915321       0.50195120066100274     
 AVE  0.60506720617561160       0.49871508827667754       0.52430275866184806       0.61009796659514126       0.75888119966562506       0.99947619872068993       0.53573894833884150     
 AVE  0.64597879074738407       0.53701603724438585       0.54919605326872589       0.62555601560952390       0.77276332613900889       0.99964202204124519       0.56909916341269706     
 AVE  0.69107976666425108       0.57345893673032777       0.57449470442380146       0.63500042804832113       0.78722732055266642       0.99976110084563841       0.60531191862331912     
 AVE  0.73273615840703088       0.60842393688097274       0.59848162246861014       0.64437295345001255       0.80433614104122908       0.99984125213962316       0.63816254407733397     
 AVE  0.76993743773005940       0.64340490371992054       0.62295167837151688       0.65291778365970610       0.82354798587825551       0.99989124674628271       0.67233414517979428     
 AVE  0.80469053235980459       0.67773311933170310       0.64762455262361784       0.66124921585848051       0.84133101185302206       0.99992965854700244       0.70091434664642593     
 AVE  0.83968138493010180       0.70946924496655916       0.67481262093881766       0.67175920087305396       0.85806367762529190       0.99995127145245877       0.73250711223149489     
 AVE  0.87224446293326652       0.74119301676270166       0.70271384880987331       0.68514691040167663       0.87286732431893388       0.99996278227630542       0.76505822652093614     
 AVE  0.89894238242380953       0.77554849080381361       0.73170652506094669       0.70116989949055186       0.88600947099781968       0.99997349517809331       0.79987027849009529     
 AVE  0.91343388009649518       0.80861774957468313       0.75897681145147688       0.71885505560275553       0.90190191793218022       0.99998082473450456       0.83432499551897144     
 AVE  0.92679777560494281       0.84138116955672737       0.77744253448039979       0.73678174163954158       0.91721408362878132       0.99998714976943770       0.87163596155792178     
 AVE  0.93830389059453312       0.86722087196937392       0.79632337013999011       0.75552258615431167       0.93247919497426268       0.99999019921107801       0.89478069339772426     
 AVE  0.94814352307325134       0.89630109850542872       0.81890650050955904       0.77623237461370898       0.94917422319303113       0.99999324865271833       0.91938195409364754     
 AVE  0.96647870772771016       0.92721068010746899       0.84230811915275250       0.80131178049365792       0.96550049588008113       0.99999555144407515       0.94293832745144190     
 AVE  0.98426902526463278       0.95959887503997743       0.88875057537502611       0.85144163123641481       0.98227756118923260       0.99999777572203763       0.96414089798139979     
 AVE   1.0000000000000000        1.0000000000000000        1.0000000000000000        1.0000000000000000        1.0000000000000000        1.0000000000000000        1.0000000000000000     
 AVE  -13.071039513148477       -12.859620161947110       -13.219872128077615       -12.133851426587597     
 AVE   0.0000000000000000        0.0000000000000000        0.0000000000000000        0.0000000000000000     
 AVE  0.16288575914434114       0.15227615465295397        6.3329117183424960E-002  0.14631684061998643     
 AVE   0.0000000000000000        0.0000000000000000        0.0000000000000000        0.0000000000000000     
 AVE  -12.883747815908961       -12.971588411029462       -13.386218484187648       -12.712433166652831     
 AVE   0.0000000000000000        0.0000000000000000        0.0000000000000000        0.0000000000000000     
 AVE  0.17890093612275745       0.15879821421382101       0.12054798643599403       0.13835002412860883     
 AVE   0.0000000000000000        0.0000000000000000        0.0000000000000000        0.0000000000000000     
 AVE  -12.861708033144593       -13.296797916196693       -13.415531971689754       -12.944068951720940     
 AVE   0.0000000000000000        0.0000000000000000        0.0000000000000000        0.0000000000000000     
 AVE  0.17927533138095861       0.15110608621912588       0.14170605743451087       0.15299461617541027     
 AVE   0.0000000000000000        0.0000000000000000        0.0000000000000000        0.0000000000000000     
 AVE  -12.888582329285191       -13.290979974941513       -13.508732010927098       -13.190251650638297     
 AVE   0.0000000000000000        0.0000000000000000        0.0000000000000000        0.0000000000000000     
 AVE  0.18393432903116708       0.15123834452981486       0.15863283416882948       0.15581438601471109     
 AVE   0.0000000000000000        0.0000000000000000        0.0000000000000000        0.0000000000000000     
 AVE  -13.251952153901176       -12.820988735478327       -13.170289801119401       -12.874547839600835     
 AVE   0.0000000000000000        0.0000000000000000        0.0000000000000000        0.0000000000000000     
 AVE  0.18437558020092587       0.16625318947395434       0.17992333373872318       0.16511882920981580     
 AVE   0.0000000000000000        0.0000000000000000        0.0000000000000000        0.0000000000000000     
 AVE  -12.998830623301098       -12.536398554745773       -12.397588494546259       -13.092980783510637     
 AVE   0.0000000000000000        0.0000000000000000        0.0000000000000000        0.0000000000000000     
 AVE  0.15317421139285717       0.16813817745737644       0.19167642049897754       0.15799531572638881     
 AVE   0.0000000000000000        0.0000000000000000        0.0000000000000000        0.0000000000000000     
 AVE  -12.889443114101859       -12.879884107264418       -11.672786957144561       -13.043416081539378     
 AVE   0.0000000000000000        0.0000000000000000        0.0000000000000000        0.0000000000000000     
 AVE  0.14951421457282371       0.16879960445432629       0.22812680721501263       0.16419324856462947     
 AVE   0.0000000000000000        0.0000000000000000        0.0000000000000000        0.0000000000000000     
 AVE  -13.090972016971969       -13.100871015884772       -9.5843316176114772       -12.297208094801118     
 AVE   0.0000000000000000        0.0000000000000000        0.0000000000000000        0.0000000000000000     
 AVE  0.11214258102792979       0.17420289619334747       0.30207606991493979       0.16795271349760724     
 AVE   0.0000000000000000        0.0000000000000000        0.0000000000000000        0.0000000000000000     
 SUM   131.26954042670599        128.41041396382607       -30.607978926405327       -1.9404608271436914        30.709607436564266       0.30814921418025232        0.0000000000000000        0.0000000000000000        6.1785987143788301E-002  0.30814921418025232       -30.666666861264567        0.0000000000000000        0.0000000000000000        0.0000000000000000        0.0000000000000000        0.0000000000000000        0.0000000000000000        0.0000000000000000        0.0000000000000000        0.0000000000000000        0.0000000000000000        0.0000000000000000        0.0000000000000000        0.0000000000000000        0.0000000000000000        0.0000000000000000     
 QSM   8.4110334280894605        8.4122073333691425        1.9084280365367063        3.2997747267301286E-002   1.9083947076614682        1.3177969634444384E-002   0.0000000000000000        0.0000000000000000        1.9569580614028918E-002   1.3177969634444384E-002   1.9074455434647675        0.0000000000000000        0.0000000000000000        0.0000000000000000        0.0000000000000000        0.0000000000000000        0.0000000000000000        0.0000000000000000        0.0000000000000000        0.0000000000000000        0.0000000000000000        0.0000000000000000        0.0000000000000000        0.0000000000000000        0.0000000000000000        0.0000000000000000     
 SPE       32768           2       32448
 AVE   1.2185403119681042E-002  -12.473646662451698     
