  0.00000177486368128  0.00001092436795293  0.00001706356913368  0.00002226546568494
  0.00002768938646349  0.00003241730527158  0.00003701836822250  0.00004155418176513
  0.00004613603951882  0.00005082246390769  0.00005563477892121  0.00006058009964300
  0.00006542473230427  0.00007017668870896  0.00007513960144615  0.00008026550540763
  0.00008551860112782  0.00009089398430477  0.00009633580204654  0.00010174342094035
  0.00010719392795170  0.00011271879955665  0.00011839473626313  0.00012431424609580
  0.00013041203324071  0.00013671149056034  0.00014321926683221  0.00014987197120306
  0.00015652009396403  0.00016313313061730  0.00016981717385524  0.00017666998091315
  0.00018374816150114  0.00019096322880942  0.00019829672265902  0.00020576595624167
  0.00021314942701344  0.00022121753070127  0.00022950043635501  0.00023813412801923
  0.00024711959466276  0.00025635165876149  0.00026593640550541  0.00027615978442982
  0.00028659295327599  0.00029748892291469  0.00030855012597776  0.00031986345856108
  0.00033199881008953  0.00034457985269491  0.00035812856850017  0.00037248853819660
  0.00038734994324074  0.00040305417130544  0.00041961439199907  0.00043700578718508
  0.00045553539822672  0.00047505596184526  0.00049552506854662  0.00051670471752350
  0.00053863120220311  0.00056170935777246  0.00058582851031865  0.00061175003191203
  0.00063949362861253  0.00066998266966941  0.00070253855552184  0.00073707906189032
  0.00077386785889936  0.00081428926739647  0.00085737121523675  0.00090436926390810
  0.00095330878548321  0.00101269138978900  0.00107421107568372  0.00114515918582582
  0.00121960560264680  0.00130476683122046  0.00139853668603548  0.00150370488775839
  0.00161991757952827  0.00174491929173935  0.00188704630139870  0.00205537174231252
  0.00225923507870971  0.00250019856578106  0.00276811037269634  0.00308129357622029
  0.00346828860462116  0.00400178293436401  0.00470510626060466  0.00560061057595078
  0.00729386751809376  0.01002609974555131  0.21182511888748021  1.00000000000000000
 -0.00183259939652316  0.00926969381845182  0.01903051728506408  0.02966341191352695
  0.04026120779250220  0.05024836908620909  0.06059015923594790  0.07139275208843847
  0.08209072787472327  0.09202397474675068  0.10166475491275814  0.11170504693251747
  0.12225867618032144  0.13265267131864783  0.14286984784274301  0.15300536998060607
  0.16303947063396754  0.17308299926699022  0.18333898590443629  0.19340754034338792
  0.20360953482519825  0.21372187199082152  0.22405611678287152  0.23423568834332470
  0.24427240382519563  0.25439639602918301  0.26454272988618888  0.27470695559116504
  0.28495953100139626  0.29548330765573833  0.30625018854553676  0.31703532854173300
  0.32789606635324908  0.33880868690994731  0.34961188605180205  0.36010368346922711
  0.37029847650470793  0.38035894657481634  0.39043084004068823  0.40055284883470182
  0.41082316293255500  0.42126719418648595  0.43194324604504947  0.44300723346165710
  0.45443294302169007  0.46596164722383282  0.47709732957014606  0.48773397039935168
  0.49804267529758456  0.50835710018845148  0.51892874552271984  0.52996932175983225
  0.54131728189019135  0.55251338947820083  0.56321150107158613  0.57365075575661140
  0.58438958152156772  0.59490934502479853  0.60532346154063177  0.61591446662122906
  0.62645971661268518  0.63705037182154889  0.64762808710458919  0.65836932528889136
  0.66925963702003510  0.67975492686894778  0.69031794903065835  0.70064382657185753
  0.71100326657112700  0.72153219864399032  0.73247329480377898  0.74346467305607566
  0.75442911291859649  0.76527495125905998  0.77573037799466826  0.78624814860088865
  0.79733615967396765  0.80882355236101366  0.82049332044099743  0.83197373761465943
  0.84339211723345864  0.85454357462172470  0.86522792056123221  0.87555674304897391
  0.88558750983795664  0.89540059185492826  0.90536862385642991  0.91510162070891343
  0.92564225289972235  0.93606037586605517  0.94702207632578095  0.95783790339145836
  0.96862637765710635  0.97962917581084386  0.98981520889620966  1.00000000000000000
 -0.00398141686028556  0.02458066647701655  0.04457452436298338  0.06101048340088461
  0.07588637821028127  0.09008679256211852  0.10381509790535309  0.11706732258500191
  0.12971519016309421  0.14177550665979946  0.15329491655282243  0.16440682915690635
  0.17510412020403210  0.18570008474193633  0.19655258949882504  0.20759264567772423
  0.21839706805681805  0.22856489160891183  0.23832048761928526  0.24785063686052658
  0.25722647781961605  0.26648266044684221  0.27555433712835831  0.28448467229382185
  0.29327456187834816  0.30200787512434640  0.31082217460743222  0.31956891111743752
  0.32819082014064732  0.33648060782208422  0.34433698655635531  0.35215148623496717
  0.35983627912375254  0.36741264532224938  0.37512414187207271  0.38289687633197095
  0.39066185238056289  0.39840747699939871  0.40620185607728521  0.41415998974854906
  0.42215923742078909  0.42998914929567084  0.43768606904107182  0.44558766049103626
  0.45368758357108063  0.46193283513987182  0.47032612419987174  0.47844950627197658
  0.48659704653260100  0.49451216974432100  0.50239648601191955  0.51024127500184657
  0.51818288906627685  0.52623005611776885  0.53423982248685142  0.54214323060808145
  0.54993562875651147  0.55769496450090694  0.56566812077390372  0.57394601345935758
  0.58239197308656510  0.59029199860017201  0.59805753544853213  0.60584670022422693
  0.61366930895877969  0.62160923420085679  0.62950060186327672  0.63723777035209073
  0.64501006777987568  0.65287545247247980  0.66080833151526475  0.66895507678837030
  0.67727360826167893  0.68557068401145804  0.69401199661863877  0.70272867137190054
  0.71200549340879393  0.72153193523672532  0.73106829492233716  0.74035750918848031
  0.74974744924903713  0.75939553571198082  0.76940058564013136  0.77985514268445100
  0.79082717523280111  0.80246600310349003  0.81449018805699736  0.82676100319058821
  0.83929543507741000  0.85275314705478089  0.86713241954134623  0.88279102843571156
  0.89999575375751339  0.92021186035843827  0.94750425161894991  1.00000000000000000
 -0.02013978918389253  0.12328186985585518  0.16095431439018512  0.18454295939294513
  0.20300947775968403  0.21848739425359037  0.23186921507572486  0.24404276206497119
  0.25518620188407670  0.26542539996150710  0.27507674477203314  0.28436590892414443
  0.29344241756859618  0.30203476597907813  0.31036976479043399  0.31816445140855221
  0.32556859271417332  0.33276583165125023  0.33949552833629570  0.34615619630782901
  0.35271780160703992  0.35909486866200008  0.36531632888932053  0.37142469757869023
  0.37749656539807352  0.38350750598544414  0.38928501805464594  0.39490995108209720
  0.40040865466318187  0.40583679282669005  0.41128163735999074  0.41677802843325712
  0.42227976359487052  0.42773847141677612  0.43307930107593873  0.43822162824092481
  0.44322385434077449  0.44816516520134164  0.45314120497217131  0.45814456204066939
  0.46305122981233160  0.46793487998842814  0.47288238606740396  0.47784982469049064
  0.48282666959818010  0.48776299928377398  0.49266142518381101  0.49757880649184322
  0.50247828642052050  0.50753204993659107  0.51257382296728959  0.51760019506661137
  0.52265328931278465  0.52771045431440178  0.53277132567006447  0.53783599544447847
  0.54293802711725814  0.54820862124256897  0.55355589677610517  0.55896686927963435
  0.56433463627144997  0.56962004351870232  0.57486447203413071  0.58020053339226862
  0.58554237747525262  0.59092044629028551  0.59639444397277408  0.60195966703418102
  0.60761034901281563  0.61334340540251420  0.61913005348445027  0.62491139269381224
  0.63104797667851753  0.63713585621720403  0.64334455620853326  0.64978096818411279
  0.65640597623241503  0.66319540451765913  0.67014596039149976  0.67723383047815355
  0.68438088105863448  0.69168879986906684  0.69929627978179854  0.70711515644016421
  0.71573707902126293  0.72465586848344254  0.73418345507196969  0.74423817532581460
  0.75516745030612842  0.76754821705825116  0.78134466962490134  0.79721807849110271
  0.81581590245651048  0.83899643151496850  0.87744180416977413  1.00000000000000000
   9.8051354184735852E-003  -1.0000000000000000     
 F F F F F F F F F F F F F F F F
  <DiscreteSampler_grid>
  grouped_processes
  1 # 1 for a reference and 2 for a running grid.
  10 # Attribute 'min_bin_probing_points' of the grid.
  1 # Attribute 'grid_mode' of the grid. 1=='default',2=='initialization'
  0.0000000000000000 # Attribute 'small_contrib_threshold' of the grid.
  0.5000000000000000 # Attribute 'damping_power' of the grid.
 # binID   n_entries weight   weight_sqr   abs_weight
    10   10   3.067883833646961E+008   4.665753018047925E+017   3.067883833646961E+008
    16   10   3.067883833646960E+008   4.665753018047923E+017   3.067883833646960E+008
  </DiscreteSampler_grid>
