  0.01493715842564895  0.08484857414126125  0.08636381494918924  0.08787905575711724
  0.08939429656504523  0.09090953737297322  0.09242477818090121  0.09394001898882920
  0.09545525979675720  0.09697050060468519  0.09848574141261318  0.10000098222054117
  0.10151622302846916  0.10303146383639715  0.10464114016710298  0.10653290270770790
  0.10842466524831283  0.11031642778891776  0.11220819032952270  0.11409995287012763
  0.11599171541073255  0.11788347795133748  0.11977524049194241  0.12166700303254735
  0.12355876557315228  0.14967652646001905  0.23079227095283039  0.23777383140682970
  0.24475539186082901  0.25173695231482834  0.25871851276882762  0.26570007322282696
  0.27268163367682630  0.27966319413082569  0.28664475458482508  0.32075068434291493
  0.42436714458998448  0.44033965350738530  0.44359145636485664  0.44684325922232793
  0.45009506207979927  0.45334686493727061  0.45659866779474195  0.45985047065221329
  0.46310227350968469  0.46635407636715603  0.46960587922462738  0.47285768208209877
  0.47610948493957012  0.47928857334790642  0.48132543591075716  0.48336229847360790
  0.48539916103645858  0.48743602359930932  0.48947288616216006  0.49150974872501074
  0.49354661128786148  0.49558347385071222  0.49762033641356296  0.49965719897641364
  0.50166559500928454  0.50366823071091082  0.50567086641253700  0.50767350211416318
  0.50967613781578947  0.51167877351741564  0.51368140921904193  0.51568404492066811
  0.51768668062229428  0.51968931632392057  0.52163937057489185  0.52351936570127799
  0.52539936082766414  0.52727935595405029  0.52915935108043644  0.53103934620682258
  0.53291934133320884  0.53479933645959499  0.53667933158598113  0.53855932671236728
  0.54043932183875343  0.54245927145970640  0.54474241321502548  0.54702555497034444
  0.54930869672566351  0.55159183848098248  0.55387498023630155  0.55615812199162051
  0.55844126374693959  0.56072440550225855  0.58553415901171091  0.68915061925878052
  0.79276707950585001  0.84087270895640054  0.84087270895641053  1.00000000000000000
  0.02135371764500933  0.25203583585891864  0.25407167171783734  0.25610750757675599
  0.25814334343567463  0.26017917929459333  0.26221501515351198  0.26425085101243062
  0.26628668687134932  0.26832252273026796  0.27035835858918661  0.27275383271976139
  0.27525874586092358  0.27776365900208583  0.28026857214324807  0.28277348528441032
  0.28527839842557257  0.28778331156673481  0.29028822470789706  0.34357957264162881
  0.45901734184972431  0.56282515836428437  0.56596486622904618  0.56910457409380799
  0.57224428195856980  0.57538398982333161  0.57852369768809342  0.58166340555285523
  0.58480311341761704  0.58794282128237885  0.59108252914714066  0.59422223701190258
  0.59736194487666439  0.60050165274142620  0.60364136060618800  0.60608576044058882
  0.60839045354680055  0.61069514665301217  0.61299983975922379  0.61530453286543552
  0.61760922597164714  0.61991391907785875  0.62221861218407049  0.62452330529028210
  0.62758952413137781  0.63085432919105544  0.63411913425073296  0.63738393931041049
  0.64064874437008801  0.64391354942976564  0.64717835448944316  0.65044315954912069
  0.65370796460879832  0.65697276966847595  0.66023757472815348  0.66350237978783111
  0.67022081288646951  0.69367662237524230  0.70094053647245158  0.70820445056966086
  0.71546836466687014  0.72273227876407942  0.72999619286128881  0.73726010695849797
  0.74452402105570725  0.77841377840917936  0.89385154761727492  0.91868684288535418
  0.92120463562495891  0.92372242836456364  0.92624022110416837  0.92875801384377299
  0.93127580658337772  0.93379359932298245  0.93631139206258707  0.93882918480219180
  0.94134697754179653  0.94386477028140114  0.94638256302100587  0.94890035576061060
  0.95141814850021533  0.95393594123981995  0.95645373397942468  0.95894596467305360
  0.96136291034151977  0.96377985600998606  0.96619680167845234  0.96861374734691852
  0.97103069301538480  0.97344763868385109  0.97586458435231738  0.97828153002078355
  0.98280027410898041  0.98853351607265361  0.99426675803632691  1.00000000000000000
  0.13474803765614829  0.13712410477523487  0.13950017189432148  0.14187623901340807
  0.14425230613249465  0.14741460708779394  0.15214042334935762  0.15686623961092130
  0.16159205587248499  0.16631787213404867  0.17370893756356226  0.18131239040977476
  0.18891584325598726  0.19651929610219979  0.20412274894841229  0.22989011350275318
  0.23264158891121509  0.23539306431967699  0.23814453972813890  0.24089601513660081
  0.24364749054506271  0.24639896595352462  0.24915044136198652  0.25190191677044843
  0.25465339217891036  0.25740486758737224  0.26015634299583418  0.26290781840429606
  0.26565929381275799  0.26841076922121987  0.27116224462968180  0.27391372003814374
  0.27666519544660567  0.27941667085506761  0.28216814626352954  0.28491962167199147
  0.28767109708045346  0.29042257248891540  0.35393414858697847  0.37787441233628782
  0.38140278172290160  0.38493115110951542  0.38845952049612920  0.39198788988274302
  0.39551625926935685  0.39813431454367354  0.40066248802074578  0.40319066149781813
  0.40571883497489042  0.40824700845196271  0.41077518192903500  0.41330335540610730
  0.41583152888317959  0.41835970236025183  0.42088787583732412  0.42341604931439636
  0.42594422279146865  0.42847239626854089  0.43100056974561318  0.43352874322268542
  0.43605691669975771  0.43895877295233765  0.44235759746104797  0.44575642196975829
  0.44915524647846861  0.45255407098717892  0.45595289549588924  0.49238887568032386
  0.50190976717742231  0.50395659957315764  0.50600343196889308  0.50805026436462841
  0.51009709676036374  0.51214392915609908  0.51419076155183441  0.51623759394756974
  0.51828442634330507  0.52033125873904040  0.52206921093138714  0.52370677139717547
  0.52534433186296370  0.52698189232875203  0.52861945279454026  0.53025701326032859
  0.53189457372611681  0.53353213419190515  0.53516969465769348  0.53680725512348171
  0.53844481558927004  0.54008237605505827  0.54536399482742903  0.65902299612056781
  0.77268199741370658  0.87590533438296792  0.87666309277216592  1.00000000000000000
  0.10659414132436124  0.17363465272236361  0.18060263877806046  0.18757929374834892
  0.19540257209683681  0.20322585044532471  0.24885923160269410  0.29503326506879257
  0.30034911259564306  0.30566496012249350  0.31098080764934399  0.31629665517619443
  0.32161250270304492  0.32692835022989536  0.33224419775674585  0.33756004528359634
  0.34287589281044684  0.34819174033729738  0.35350758786414793  0.41790444899098450
  0.42153810004634401  0.42517175110170358  0.42880540215706309  0.43243905321242260
  0.43607270426778211  0.43908158250765894  0.44168629394639047  0.44429100538512195
  0.44689571682385343  0.44950042826258491  0.45210513970131638  0.45470985114004792
  0.45731456257877939  0.45991927401751087  0.46252398545624240  0.46512869689497394
  0.46773340833370541  0.47033811977243695  0.47294283121116848  0.47554754264989996
  0.47815225408863149  0.48130382889031048  0.48480423439768322  0.48830463990505596
  0.49180504541242870  0.49530545091980144  0.49880585642717418  0.52219500709479216
  0.52502947530739830  0.52786394352000443  0.53069841173261056  0.53353287994521670
  0.53636734815782294  0.53920181637042908  0.54203628458303521  0.54487075279564134
  0.54770522100824748  0.55053968922085361  0.55337415743345963  0.55620862564606577
  0.55904309385867190  0.56187756207127804  0.56471203028388417  0.56754649849649030
  0.57038096670909644  0.57321543492170257  0.57604990313430871  0.57888437134691473
  0.58171883955952086  0.63357956712653973  0.66817818929039241  0.67028755306819965
  0.67239691684600689  0.67450628062381413  0.67661564440162136  0.67872500817942860
  0.68083437195723584  0.68294373573504297  0.68505309951285021  0.68716246329065744
  0.68891794007900586  0.69060600066628863  0.69229406125357140  0.69398212184085428
  0.69567018242813705  0.69735824301541982  0.69904630360270270  0.70073436418998547
  0.70242242477726824  0.70411048536455101  0.70579854595183389  0.70748660653911666
  0.76651748108617190  0.88325874054308029  0.97095036904017129  1.00000000000000000
   5.2156701844175639E-007  -1.0000000000000000     
 F F F F F F F F F F F F F F F F
  <DiscreteSampler_grid>
  grouped_processes
  1 # 1 for a reference and 2 for a running grid.
  10 # Attribute 'min_bin_probing_points' of the grid.
  1 # Attribute 'grid_mode' of the grid. 1=='default',2=='initialization'
  0.0000000000000000 # Attribute 'small_contrib_threshold' of the grid.
  0.5000000000000000 # Attribute 'damping_power' of the grid.
 # binID   n_entries weight   weight_sqr   abs_weight
    10   10   3.753014229388564E+008   1.443119168661693E+017   3.753014229388564E+008
  </DiscreteSampler_grid>
