 AVE   0.0000000000000000        0.0000000000000000        0.0000000000000000        0.0000000000000000        0.0000000000000000        0.0000000000000000        0.0000000000000000     
 AVE   3.2612271581922016E-002   3.2544607207371228E-002   4.5380029221246468E-002  0.18492928430925704       0.13813570363668393       0.14035881581890491        3.0375401949924673E-002
 AVE   6.3897481915064086E-002   6.6328143684938348E-002   8.0669307224591938E-002  0.24812346213246089       0.22111975185238464       0.22497698322953955        6.2727684826834357E-002
 AVE   9.4070359663628172E-002   9.7635836917582278E-002  0.10895780571653134       0.28434462410127037       0.28064229840754085       0.28665033930773426        9.4163615800386652E-002
 AVE  0.12436841385531444       0.12918859311619707       0.13518718244686578       0.31184930836991120       0.33103961522758901       0.33702866574164164       0.12459088317627882     
 AVE  0.15472275333752616       0.15957094968027291       0.16022129652352099       0.33532165164335809       0.37496149409356894       0.38069897716282514       0.15695404064922686     
 AVE  0.18406464581773394       0.18939119626682782       0.18380204452883386       0.35438475624539145       0.41340972237614965       0.41963883389203027       0.18890876042467522     
 AVE  0.21348145393768397       0.22116781942442462       0.20539231297703373       0.37098240355384615       0.44869536356367046       0.45456756486276995       0.22016515421537830     
 AVE  0.24366679111322065       0.25264705715626073       0.22751512217135683       0.38732809723864065       0.48184718799884579       0.48624313757740006       0.25168419584247076     
 AVE  0.27503820732612266       0.28516795302027870       0.24750956212522601       0.40300458407388434       0.51282811565097319       0.51696934350836754       0.28032866194325179     
 AVE  0.30680176880635535       0.31683992381489906       0.26836483238672476       0.41780130216274197       0.54158447213692651       0.54692929352211495       0.30915306122772279     
 AVE  0.33880223152941774       0.34897259458637248       0.28803701230751833       0.43185624170033493       0.56890466601947876       0.57591356437380348       0.34088877247513216     
 AVE  0.37116769411407002       0.38057211645270533       0.30797038316924252       0.44542796156362824       0.59518448917694866       0.60373893197544326       0.37311296171718195     
 AVE  0.40329201294476691       0.41135998615352348       0.32743384613014526       0.45907871920401599       0.62001685237078685       0.62945452407395908       0.40424316664753895     
 AVE  0.43490540343758965       0.44200540957180884       0.34622394065621831       0.47283720487390285       0.64396854000811754       0.65318137470332249       0.43507402735044381     
 AVE  0.46603026694510014       0.47152675004659311       0.36539698337102339       0.48630940826510138       0.66725842274262570       0.67665529885498366       0.46539976682566769     
 AVE  0.49783754745411635       0.50181318533918928       0.38446458378245257       0.49957097357289232       0.69004236390899432       0.69930224026269516       0.49543533887944352     
 AVE  0.52945216912217241       0.53481855550363322       0.40447038072343583       0.51286894614820666       0.71168649493547642       0.72150163282593593       0.52704876207976659     
 AVE  0.56066799269961720       0.56710296735157273       0.42499698504580702       0.52619462517450977       0.73262440314402388       0.74325740186971478       0.55853244059054397     
 AVE  0.59135602516425356       0.59883539267755870       0.44582576445216215       0.53955651613576594       0.75309934922716104       0.76458136637790730       0.58946415737587698     
 AVE  0.62224769980873318       0.63031351854773077       0.46705746357749883       0.55297945109091262       0.77339585470832994       0.78557601974340130       0.62078828874292924     
 AVE  0.65404473876367553       0.66158231440932269       0.48922250798205125       0.56668782025933251       0.79335336680021629       0.80591011869733620       0.65245867136232383     
 AVE  0.68556430722405137       0.69479071485370447       0.51210266123734560       0.58031847103891321       0.81283961782871517       0.82524219587671754       0.68499834984345231     
 AVE  0.71710003675980349       0.72589258102212162       0.53591451634056964       0.59504890793664333       0.83179336565445483       0.84456732650131805       0.71696522609871149     
 AVE  0.74864926262642606       0.75595467200359867       0.56021297360984046       0.60983861626679037       0.85024304874392642       0.86300191827480821       0.74767846891741341     
 AVE  0.78040587440777787       0.78595192577244111       0.58564190918563852       0.62666243743658956       0.86790391175121462       0.88065325829624042       0.77924884744156431     
 AVE  0.81132732900802873       0.81810530759019573       0.61134676775116692       0.64421355073843900       0.88569511177349491       0.89801620068919430       0.81080660792655612     
 AVE  0.84155927281913856       0.84822121226201630       0.63968586474311451       0.66413356914707833       0.90312767841266983       0.91503283730446283       0.84348860481575461     
 AVE  0.87196478297198843       0.87814858343676949       0.67488838825277864       0.68774574453033388       0.92086391788806399       0.93209027292585345       0.87610004850364032     
 AVE  0.90174539129334119       0.90904733326889009       0.71454685377941263       0.71522191661485368       0.93834686412637702       0.94971182221605066       0.90709096041733894     
 AVE  0.93186946002801552       0.93998715826335777       0.76084504470137815       0.74868767359514732       0.95566800397171503       0.96696749600575493       0.93853486451742474     
 AVE  0.96619067420583216       0.97041122169627725       0.83684456794739825       0.80930762282308288       0.97700697429221250       0.98330890773846136       0.96831222493088021     
 AVE   1.0000000000000000        1.0000000000000000        1.0000000000000000        1.0000000000000000        1.0000000000000000        1.0000000000000000        1.0000000000000000     
 AVE  -4.2681253179671339       -6.4393822069264033       -5.5895086667552309       -1.1642784520781801     
 AVE   0.0000000000000000        0.0000000000000000        0.0000000000000000        0.0000000000000000     
 AVE  0.23214766579129062       0.27913083879783124       0.38323502178761987       0.42730935438380241     
 AVE   0.0000000000000000        0.0000000000000000        0.0000000000000000        0.0000000000000000     
 AVE  -2.2488649286547551       -3.5239584866486249       -4.3391344290013611       -6.3648491694104594     
 AVE   0.0000000000000000        0.0000000000000000        0.0000000000000000        0.0000000000000000     
 AVE  0.31957158899940874       0.25062312222209726       0.34011319393242939       0.27791973928136510     
 AVE   0.0000000000000000        0.0000000000000000        0.0000000000000000        0.0000000000000000     
 AVE  -5.4093893569315785       -1.1977576749410785       -4.9779273482508533       -1.3442395908016744     
 AVE   0.0000000000000000        0.0000000000000000        0.0000000000000000        0.0000000000000000     
 AVE  0.30715609024152679       0.31397873810912869       0.28066379498991278       0.30870836409294744     
 AVE   0.0000000000000000        0.0000000000000000        0.0000000000000000        0.0000000000000000     
 AVE  -5.8045809342667614      -0.70374577339738542       -5.0979381018208541       -5.3086871961266207     
 AVE   0.0000000000000000        0.0000000000000000        0.0000000000000000        0.0000000000000000     
 AVE  0.29642581232025689       0.38987106768811719       0.28115911675721811       0.29934724993928657     
 AVE   0.0000000000000000        0.0000000000000000        0.0000000000000000        0.0000000000000000     
 AVE  -4.3113907650525709       -4.7591445042154046       -5.0004126588409656       -3.0844084549799993     
 AVE   0.0000000000000000        0.0000000000000000        0.0000000000000000        0.0000000000000000     
 AVE  0.27026022742380412       0.28752094453479715       0.25145151055760717       0.27077409062244007     
 AVE   0.0000000000000000        0.0000000000000000        0.0000000000000000        0.0000000000000000     
 AVE  -4.3453718557820356       -4.2491650023964631       -6.4796442848617950       -4.5314691288825504     
 AVE   0.0000000000000000        0.0000000000000000        0.0000000000000000        0.0000000000000000     
 AVE  0.28300447650173138       0.22616674771346942       0.27419898655062414       0.24731486438459263     
 AVE   0.0000000000000000        0.0000000000000000        0.0000000000000000        0.0000000000000000     
 AVE  -5.5221177381108282       -4.8705563000529652       -2.1873658112689616       -1.8938021755620063     
 AVE   0.0000000000000000        0.0000000000000000        0.0000000000000000        0.0000000000000000     
 AVE  0.32336646534853480       0.29258211467945261       0.27837294351488218       0.33604458619646427     
 AVE   0.0000000000000000        0.0000000000000000        0.0000000000000000        0.0000000000000000     
 AVE  -3.0352270867739222       -6.4354157188361807       -1.1977576749410785       -2.4606726255879554     
 AVE   0.0000000000000000        0.0000000000000000        0.0000000000000000        0.0000000000000000     
 AVE  0.36274309988379794       0.26214751133272607       0.31397873810912869       0.29053009617061393     
 AVE   0.0000000000000000        0.0000000000000000        0.0000000000000000        0.0000000000000000     
 SUM   22.396634226111942        22.396634226112418       -4.8225601107971955E-011  -9.7352312359223772E-002   4.8225169416361653E-011   3.7060475964356508E-013   0.0000000000000000        0.0000000000000000       -3.1355876919280911E-012   3.7060475964356508E-013  -4.3521845111386423E-011   0.0000000000000000        0.0000000000000000        0.0000000000000000        0.0000000000000000        0.0000000000000000        0.0000000000000000        0.0000000000000000        0.0000000000000000        0.0000000000000000        0.0000000000000000        0.0000000000000000        0.0000000000000000        0.0000000000000000        0.0000000000000000        0.0000000000000000     
 QSM  0.43271102773205983       0.43271102773205983        1.3954457330133229E-011   2.8792341566910414E-002   1.3954457330133229E-011   1.0437116192964932E-013   0.0000000000000000        0.0000000000000000        1.0315396527659668E-012   1.0437116192964932E-013   1.2875299920998525E-011   0.0000000000000000        0.0000000000000000        0.0000000000000000        0.0000000000000000        0.0000000000000000        0.0000000000000000        0.0000000000000000        0.0000000000000000        0.0000000000000000        0.0000000000000000        0.0000000000000000        0.0000000000000000        0.0000000000000000        0.0000000000000000        0.0000000000000000     
 SPE       26244           2        1450
 AVE   5.0000000000000001E-003  -4.1452042645164520     
 AVE   0.0000000000000000        0.0000000000000000        0.0000000000000000        0.0000000000000000        0.0000000000000000        0.0000000000000000        0.0000000000000000     
 AVE   3.2182169286115295E-002   2.9344485644177968E-002   4.4727573099429006E-002  0.18950728490472082       0.14144402250502436       0.14014734329520412        3.0638588306758238E-002
 AVE   6.4289207493134090E-002   5.9047556655590056E-002   7.9165286154465705E-002  0.24907200460258608       0.22533892472907630       0.22564837658197195        6.2526971662203834E-002
 AVE   9.6007809257666901E-002   9.0520221159200942E-002  0.10757699270645298       0.28318420587232446       0.28586829775299233       0.28709099487106110        9.3127031325599005E-002
 AVE  0.12611552515003960       0.12243161618704440       0.13331850722018901       0.31107244216751839       0.33668643655448716       0.33737945351553561       0.12318818541902979     
 AVE  0.15540125202979060       0.15517475923142166       0.15644603754391850       0.33355830107027129       0.38117079529442394       0.38201411375976752       0.15555319705724405     
 AVE  0.18531141013871436       0.18684782789688376       0.17811645744663701       0.35292272049516465       0.41881715921216583       0.42086671686496097       0.18656055538484589     
 AVE  0.21603315760285904       0.21626086945606898       0.19867323222025318       0.37037250301178121       0.45478190253902367       0.45564722658790269       0.21895114693838025     
 AVE  0.24792002946433167       0.24607558435639187       0.21914803903641289       0.38604755051655326       0.48819687322662486       0.48706875784912074       0.25051026396553550     
 AVE  0.27973744065783379       0.27610139203257511       0.23912994089985090       0.40111686006600794       0.52042759918186998       0.51751203320194183       0.28111681955650925     
 AVE  0.31152881259144238       0.30672017764157899       0.25884098260374194       0.41563041813862162       0.55070526921453600       0.54646772641538910       0.31302855312014771     
 AVE  0.34295013774625482       0.33785861395656192       0.27793005736446341       0.42972988507878473       0.57949753847273566       0.57391465595000135       0.34297338678934974     
 AVE  0.37439569737351258       0.36933639115773298       0.29706276090163608       0.44337373760465681       0.60671009806840281       0.60028030322921710       0.37414512591355825     
 AVE  0.40670773741993305       0.40081705928600969       0.31669102833786844       0.45701617571280140       0.63198741804518566       0.62558377864740011       0.40485138719862340     
 AVE  0.43915253904145474       0.43163775847513930       0.33654719975478725       0.47081272238133720       0.65538992084796754       0.65004358920205196       0.43621648505288252     
 AVE  0.47239462514155162       0.46251890885993957       0.35709348079737102       0.48440752502168527       0.67846146804191843       0.67387614587721589       0.46874525744968520     
 AVE  0.50508181894447657       0.49462773366662044       0.37719650590699183       0.49788993339149817       0.70060707662023392       0.69662466928772804       0.50018263542747965     
 AVE  0.53693304981946932       0.52750200784927337       0.39754232149252533       0.51107895624793520       0.72246674148992207       0.71835235916172924       0.53143004382736558     
 AVE  0.56940687751481500       0.55867795366093487       0.41742678193919824       0.52434191335716795       0.74386173930698740       0.73961731094377836       0.56259440531353944     
 AVE  0.60232034637130893       0.58921357877750902       0.43828822142208596       0.53773304738948702       0.76471163089516514       0.76058107209608161       0.59278812308605466     
 AVE  0.63481115224706697       0.62012045535436633       0.45926842577008098       0.55174020630606391       0.78495456245008666       0.78116325757943328       0.62297558097047656     
 AVE  0.66587587756648059       0.65139670902865909       0.48129992276049671       0.56573599587065082       0.80481240145864452       0.80155106323163872       0.65363959643635050     
 AVE  0.69624332728462524       0.68336320628088143       0.50399425288765043       0.58003672066588774       0.82465214857520130       0.82167849290781336       0.68447410251372964     
 AVE  0.72679439830920745       0.71520526635465009       0.52753962678174127       0.59472087406802820       0.84433186418950967       0.84129285715386992       0.71689177686129990     
 AVE  0.75746389984971552       0.74637547768429457       0.55042907114425099       0.60952721262430942       0.86307348420181396       0.86031475248103306       0.74856982713654863     
 AVE  0.78682328980873750       0.77743799518783463       0.57673340227197201       0.62554029467263828       0.88110816825244331       0.87909565435724035       0.78003968341649366     
 AVE  0.81586506589809127       0.80875525848670937       0.60431892349466920       0.64224127814630905       0.89885926745111355       0.89748566411515207       0.81174759289526266     
 AVE  0.84510913065899029       0.84073066022959897       0.63555369608337153       0.66126774426524049       0.91621833262481689       0.91563892888314447       0.84381372055403681     
 AVE  0.87355231877292683       0.87212983199619720       0.67203807669776838       0.68552689715519322       0.93322403341885152       0.93341762152689589       0.87510027386418965     
 AVE  0.90273290960898900       0.90356766107559083       0.71305847140341294       0.71312725037801095       0.94948282151090713       0.95075976083200608       0.90724211717737402     
 AVE  0.93307857743369838       0.93466119309870965       0.75975562006645547       0.74740559082617086       0.96570388993127498       0.96766193320539140       0.93804483271017935     
 AVE  0.96563861225986392       0.96784545137257161       0.83542553446767098       0.80698652995175513       0.98318868441536045       0.98392969649931783       0.96914810054535139     
 AVE   1.0000000000000000        1.0000000000000000        1.0000000000000000        1.0000000000000000        1.0000000000000000        1.0000000000000000        1.0000000000000000     
 AVE  -4.7320803967674756       -4.6507375985639641       -4.1478819559158540       -6.3885816697583966     
 AVE   0.0000000000000000        0.0000000000000000        0.0000000000000000        0.0000000000000000     
 AVE  0.30351856283729606       0.30728090135439823       0.39093566327674928       0.30924540733202760     
 AVE   0.0000000000000000        0.0000000000000000        0.0000000000000000        0.0000000000000000     
 AVE  -4.2781059834956814       -2.6205580437197291       -5.8190161640344442       -4.1478819559158540     
 AVE   0.0000000000000000        0.0000000000000000        0.0000000000000000        0.0000000000000000     
 AVE  0.26991668677758535       0.26653243490087708       0.31069950975569766       0.39093566327674928     
 AVE   0.0000000000000000        0.0000000000000000        0.0000000000000000        0.0000000000000000     
 AVE  -5.9625581470429037       -4.9162734440157720       -3.0304951930819297       -3.8276095790915909     
 AVE   0.0000000000000000        0.0000000000000000        0.0000000000000000        0.0000000000000000     
 AVE  0.30341686105489918       0.36688281596965744       0.31400205552109778       0.28502170469060839     
 AVE   0.0000000000000000        0.0000000000000000        0.0000000000000000        0.0000000000000000     
 AVE  -5.3803239840132742       -5.5026317716297326       -5.6467377214548833       -5.8850724538042458     
 AVE   0.0000000000000000        0.0000000000000000        0.0000000000000000        0.0000000000000000     
 AVE  0.29160455991161605       0.27211058553227790       0.28052288333903708       0.28902846359949003     
 AVE   0.0000000000000000        0.0000000000000000        0.0000000000000000        0.0000000000000000     
 AVE  -2.3796993601957372       -5.9412458409972944       -4.9745961167324282       -1.5435333881852034     
 AVE   0.0000000000000000        0.0000000000000000        0.0000000000000000        0.0000000000000000     
 AVE  0.27731730623175282       0.29960342121369687       0.27703195342799286       0.24961603602570023     
 AVE   0.0000000000000000        0.0000000000000000        0.0000000000000000        0.0000000000000000     
 AVE  -3.8073270522287430       -5.7908436712800340       -2.7357700937307596       -5.3157195312495311     
 AVE   0.0000000000000000        0.0000000000000000        0.0000000000000000        0.0000000000000000     
 AVE  0.28446478360149752       0.28893518114579625       0.26528402454143191       0.27988533849824865     
 AVE   0.0000000000000000        0.0000000000000000        0.0000000000000000        0.0000000000000000     
 AVE  -5.8359943806315444       -4.4142498276719051       -3.8073270522287430       -3.0399198966505523     
 AVE   0.0000000000000000        0.0000000000000000        0.0000000000000000        0.0000000000000000     
 AVE  0.30539168038556502       0.27492736895974429       0.28446478360149752       0.31584223498021541     
 AVE   0.0000000000000000        0.0000000000000000        0.0000000000000000        0.0000000000000000     
 AVE -0.76445403400404877       -1.5472991480797254       -1.4337890352107157       -4.2764838961544749     
 AVE   0.0000000000000000        0.0000000000000000        0.0000000000000000        0.0000000000000000     
 AVE  0.33560231359644571       0.32720925310227650       0.24860008620025667       0.26983260092276390     
 AVE   0.0000000000000000        0.0000000000000000        0.0000000000000000        0.0000000000000000     
 SUM   22.105664698879966        22.105664698879792       -5.5741339638295112E-011 -0.11484875452549986        5.5767786430940290E-011   4.0417470428942577E-013   0.0000000000000000        0.0000000000000000       -2.9840802743750353E-012   4.0417470428942577E-013  -5.1281824570822738E-011   0.0000000000000000        0.0000000000000000        0.0000000000000000        0.0000000000000000        0.0000000000000000        0.0000000000000000        0.0000000000000000        0.0000000000000000        0.0000000000000000        0.0000000000000000        0.0000000000000000        0.0000000000000000        0.0000000000000000        0.0000000000000000        0.0000000000000000     
 QSM  0.43065735985203796       0.43065735985203796        1.4755851211124295E-011   3.1332862078690522E-002   1.4755851135608001E-011   1.6845845860146535E-013   0.0000000000000000        0.0000000000000000        9.8200064429851266E-013   1.6845845860146535E-013   1.3816882771293591E-011   0.0000000000000000        0.0000000000000000        0.0000000000000000        0.0000000000000000        0.0000000000000000        0.0000000000000000        0.0000000000000000        0.0000000000000000        0.0000000000000000        0.0000000000000000        0.0000000000000000        0.0000000000000000        0.0000000000000000        0.0000000000000000        0.0000000000000000     
 SPE       26244           2        1406
 AVE   5.0000000000000001E-003  -2.4175280751662340     
 AVE   0.0000000000000000        0.0000000000000000        0.0000000000000000        0.0000000000000000        0.0000000000000000        0.0000000000000000        0.0000000000000000     
 AVE   6.2418378385280760E-003   3.0729628288778437E-002   7.1739906895397693E-002  0.19440627466229485       0.14143130282660649       0.14414535130170250        3.1653217931138941E-002
 AVE   1.2683141169400926E-002   6.2160145484366533E-002  0.12479793490694557       0.26351631218754323       0.22970483006752851       0.23385956984711395        6.2287200749102080E-002
 AVE   1.9657145686623682E-002   9.2126264290765508E-002  0.16269992044484080       0.29481212027536791       0.28788024655291067       0.29146532871050068        9.5603607235913768E-002
 AVE   2.7173338224318569E-002  0.12206904269644876       0.19743033506307187       0.32206757814120268       0.33744746365789646       0.34094837184427040       0.12684742759128176     
 AVE   3.5283715760511827E-002  0.15397000737509792       0.22673622187022160       0.34196319467619662       0.37887125044870568       0.38280370386296236       0.15847235795429673     
 AVE   4.3987646044460919E-002  0.18571238214135510       0.25533581657145293       0.36186101952198768       0.41761604758896115       0.42224890604719373       0.19023017113327140     
 AVE   5.3280542291231636E-002  0.21791626688970231       0.28173759953712740       0.37838176920589028       0.45281531993987006       0.45795895312030954       0.22225221128162001     
 AVE   6.3150075523707910E-002  0.25066685623426682       0.30780570670357787       0.39542606923427248       0.48560082192454646       0.49157120990563646       0.25451118748105944     
 AVE   7.3723534161470691E-002  0.28150380860943169       0.33172286169793236       0.40906328857733337       0.51581542026352811       0.52227326832085219       0.28652053218824008     
 AVE   8.4970285809499668E-002  0.31257642706262795       0.35582150495489789       0.42306359345575562       0.54525241491305632       0.55171787468780342       0.31896330550412361     
 AVE   9.7131629025839661E-002  0.34326101460300451       0.37877231742429507       0.43661438172283179       0.57294661256089641       0.57945817648568587       0.35022987056015664     
 AVE  0.11035858049635471       0.37445011681822477       0.40144329795896527       0.45013598985071340       0.59849648661704824       0.60637939931668206       0.38053473940453386     
 AVE  0.12468143944856208       0.40543321568040736       0.42312772504107954       0.46328699920011784       0.62258987686102762       0.63208624086587550       0.41124663550723373     
 AVE  0.14037990196855774       0.43661875646400516       0.44455193422168476       0.47633335744823252       0.64573519004866342       0.65695814270075703       0.44191217307849329     
 AVE  0.15759823050791888       0.46735143329866624       0.46585717223654000       0.48900648260717516       0.66838983227846593       0.68056192281681838       0.47258211100720632     
 AVE  0.17668506679983936       0.49840381760871666       0.48717717814713152       0.50184766689671445       0.69061937500699855       0.70325952830223215       0.50409303108095471     
 AVE  0.19763512288736801       0.52894608595724035       0.50807532192242277       0.51452486829831723       0.71236900956815252       0.72505099393623096       0.53540948894688556     
 AVE  0.22065525375540140       0.55894208580122950       0.52935154952750596       0.52739233798777974       0.73348321611079248       0.74688920404349857       0.56667975377633828     
 AVE  0.24568677031440669       0.59080505406348804       0.55035020157982428       0.54034260785036370       0.75421529577925084       0.76832798833021909       0.59717326770696499     
 AVE  0.27315739084406027       0.62300960069835254       0.57101043213151459       0.55323098137188020       0.77444092036653223       0.78913447815919924       0.62864854343528132     
 AVE  0.30370577174220070       0.65454936479237968       0.59295238193188593       0.56672536168215437       0.79421078761059083       0.80864793418694147       0.65972019939633442     
 AVE  0.33807232540831827       0.68524038517740271       0.61522461820061003       0.57984965392515608       0.81333486921033005       0.82796038986872189       0.68985726119026158     
 AVE  0.37676677229510869       0.71648107960557839       0.63803610426329060       0.59478677791303891       0.83232600098207066       0.84630268575519696       0.72092262495700898     
 AVE  0.42031233689302799       0.74777489658415197       0.66134537984712682       0.60926768460926506       0.85112597248960331       0.86415740618222858       0.75154937514528186     
 AVE  0.46963573529922409       0.77864365057271590       0.68617753922309077       0.62655486432410823       0.86968620135402186       0.88131127025161426       0.78322519167718863     
 AVE  0.52466358557870429       0.81100904601105550       0.71091456570228395       0.64382023308413572       0.88812169604801972       0.89878820053155539       0.81422106133239813     
 AVE  0.58532377032713323       0.84222365040609215       0.73740010265736655       0.66363883033994464       0.90640926445756376       0.91620335056224778       0.84507137599336923     
 AVE  0.65048195162038946       0.87324504939818404       0.76528593196070804       0.68260152859794365       0.92418049483358977       0.93334871135055419       0.87639652383847588     
 AVE  0.72253268843029705       0.90511724911335367       0.79763628527551977       0.70966820098274008       0.94181247770969456       0.95059675196629612       0.90708883720579259     
 AVE  0.80003882328541520       0.93656142324880065       0.83347986383675310       0.74080810871191272       0.95971869455024517       0.96752479866713714       0.93730795393998823     
 AVE  0.89337964629456834       0.96868785285195713       0.89428714004328624       0.81306676547350243       0.97910701032755032       0.98379628224581717       0.96854364289215666     
 AVE   1.0000000000000000        1.0000000000000000        1.0000000000000000        1.0000000000000000        1.0000000000000000        1.0000000000000000        1.0000000000000000     
 AVE  -5.2354547458357477       -5.6242934772820776       -5.2650400595489675       -5.4611023485660564     
 AVE   0.0000000000000000        0.0000000000000000        0.0000000000000000        0.0000000000000000     
 AVE  0.22018127556679745       0.24382674068037491       0.40478136470422388       0.22093159317632982     
 AVE   0.0000000000000000        0.0000000000000000        0.0000000000000000        0.0000000000000000     
 AVE  -6.4752473356957374       -5.4234758523006850       -5.5798000098935887       -6.0497145326746660     
 AVE   0.0000000000000000        0.0000000000000000        0.0000000000000000        0.0000000000000000     
 AVE  0.23109765561967965       0.24716126640228900       0.33077139112324716       0.29160943016288815     
 AVE   0.0000000000000000        0.0000000000000000        0.0000000000000000        0.0000000000000000     
 AVE  -4.6015392973730638       -5.2515157932527767       -6.0504844961904274       -5.3363006978521250     
 AVE   0.0000000000000000        0.0000000000000000        0.0000000000000000        0.0000000000000000     
 AVE  0.33854595438125445       0.27231768236630494       0.28994566849350240       0.25762930780684901     
 AVE   0.0000000000000000        0.0000000000000000        0.0000000000000000        0.0000000000000000     
 AVE  -2.4453111849793636       -5.9871299661504196       -5.5316485211811965       -3.4751364169001149     
 AVE   0.0000000000000000        0.0000000000000000        0.0000000000000000        0.0000000000000000     
 AVE  0.44420799808880207       0.21897637254056956       0.23153852280109627       0.37310524469531192     
 AVE   0.0000000000000000        0.0000000000000000        0.0000000000000000        0.0000000000000000     
 AVE  -2.9974356367420651       -5.5717117888853434       -5.3562923869961621       -4.2857498790182325     
 AVE   0.0000000000000000        0.0000000000000000        0.0000000000000000        0.0000000000000000     
 AVE  0.29775224813896228       0.26355264070750639       0.24920005509855356       0.30586315289896410     
 AVE   0.0000000000000000        0.0000000000000000        0.0000000000000000        0.0000000000000000     
 AVE  -4.7238204973888740       -4.4664638079472621       -3.7406884869905963       -6.3195347066241361     
 AVE   0.0000000000000000        0.0000000000000000        0.0000000000000000        0.0000000000000000     
 AVE  0.33213750393701930       0.32999539889216634       0.25945064703566129       0.22214816721711825     
 AVE   0.0000000000000000        0.0000000000000000        0.0000000000000000        0.0000000000000000     
 AVE  -5.8134653346790506       -4.0367098455199111       -6.4972598263196044       -5.6471622879121188     
 AVE   0.0000000000000000        0.0000000000000000        0.0000000000000000        0.0000000000000000     
 AVE  0.29135086439305385       0.35182247652365284       0.19215381688477512       0.26675316357693724     
 AVE   0.0000000000000000        0.0000000000000000        0.0000000000000000        0.0000000000000000     
 AVE  -5.4948298092483219       -4.3164600500659214       -2.5479255402030265      -0.63250598383407486     
 AVE   0.0000000000000000        0.0000000000000000        0.0000000000000000        0.0000000000000000     
 AVE  0.19468619941165535       0.27463586825267888       0.47574286009797895       0.32660895775009013     
 AVE   0.0000000000000000        0.0000000000000000        0.0000000000000000        0.0000000000000000     
 SUM   91.475926494485904        91.475926494457212       -2.5715874932026659E-010 -0.44543337101953090        2.8605093661172812E-010   1.0385123762720620E-012   0.0000000000000000        0.0000000000000000        5.1816468125020756E-012   1.0385123762720620E-012  -2.6664564665016390E-010   0.0000000000000000        0.0000000000000000        0.0000000000000000        0.0000000000000000        0.0000000000000000        0.0000000000000000        0.0000000000000000        0.0000000000000000        0.0000000000000000        0.0000000000000000        0.0000000000000000        0.0000000000000000        0.0000000000000000        0.0000000000000000        0.0000000000000000     
 QSM  0.89379190036387246       0.89379190036392686        6.2129000027974125E-011   5.9910608066918274E-002   6.2125755920127287E-011   3.2697082371578452E-013   0.0000000000000000        0.0000000000000000        8.6915662960901311E-012   3.2697082371578452E-013   5.9353011384975124E-011   0.0000000000000000        0.0000000000000000        0.0000000000000000        0.0000000000000000        0.0000000000000000        0.0000000000000000        0.0000000000000000        0.0000000000000000        0.0000000000000000        0.0000000000000000        0.0000000000000000        0.0000000000000000        0.0000000000000000        0.0000000000000000        0.0000000000000000     
 SPE       26244           2        5743
 AVE   5.0000000000000001E-003  -4.2814152408897339     
 AVE   0.0000000000000000        0.0000000000000000        0.0000000000000000        0.0000000000000000        0.0000000000000000        0.0000000000000000        0.0000000000000000     
 AVE   5.9358165497697185E-003   2.9996742620458469E-002   7.1972993870068586E-002  0.18774334990110667       0.14611168871298391       0.14539351961148550        3.1354031529201708E-002
 AVE   1.2124035068079915E-002   6.0452760743259781E-002  0.12620182731870599       0.25886724034086533       0.23806662974053053       0.23664181015880226        6.2371294685056450E-002
 AVE   1.9042134675919132E-002   9.1315161293769431E-002  0.16503716183460662       0.29035076832463630       0.29691478978011232       0.29411404467561647        9.4165309041594383E-002
 AVE   2.6322998674085503E-002  0.12148032010693399       0.20150214462008526       0.31676688680056331       0.34801515182805082       0.34461640181926295       0.12471634896193944     
 AVE   3.4269421321515496E-002  0.15246089154505757       0.23050148009362090       0.33710964546247868       0.38872852397508678       0.38685488535748991       0.15619957505796228     
 AVE   4.2595800477073321E-002  0.18315337515945457       0.26005135068741270       0.35690559587421328       0.42785135258949758       0.42599121170001131       0.18742107007168490     
 AVE   5.1586666243725807E-002  0.21474227020789421       0.28589146203220378       0.37442344933564053       0.46390939730322772       0.46183537591912377       0.21818381053958713     
 AVE   6.0996027936580217E-002  0.24606203867678508       0.31226238169103893       0.39145839746511990       0.49969090715222259       0.49535621910823180       0.24880075633730014     
 AVE   7.1538731079106174E-002  0.27726827888824085       0.33570661324797169       0.40617381961554011       0.52847121696077670       0.52590951589366408       0.27980012469927007     
 AVE   8.2870082741311038E-002  0.30820306648895929       0.35962235663386427       0.42082862734140614       0.55857440185082419       0.55472378203788086       0.31021971985606256     
 AVE   9.5137595601889946E-002  0.33883536654875246       0.38274165681695782       0.43494098706076784       0.58555155224768107       0.58153111276196146       0.34081755545965770     
 AVE  0.10850033784018141       0.36950103599230189       0.40585196702894627       0.44872356617402021       0.61310531956093228       0.60760851479247535       0.37136494716132062     
 AVE  0.12299193589979296       0.40003164087246884       0.42774044473981954       0.46190340726867407       0.63774983235804261       0.63266583855693481       0.40212956000043870     
 AVE  0.13852763710170241       0.43105856654558405       0.44993371565914525       0.47517240880092237       0.66233972532218155       0.65729791526020631       0.43358287558835368     
 AVE  0.15547352125611305       0.46201276691315507       0.47134605391100320       0.48796969071739144       0.68592811752123639       0.68103381846683786       0.46542761743549593     
 AVE  0.17411651258139815       0.49298264471381931       0.49287394466532813       0.50092541997696627       0.70935241582626962       0.70369435475557718       0.49691142100846097     
 AVE  0.19471466618498887       0.52333813552922714       0.51373024394892908       0.51366764774160900       0.73137350547070845       0.72519731385265518       0.52817968432311690     
 AVE  0.21739971839488414       0.55387770714239148       0.53450937737739246       0.52650884239874685       0.75326931707468747       0.74630710713352266       0.55954047296905596     
 AVE  0.24223998856391732       0.58517973819325164       0.55527258138221236       0.53987859741348998       0.77285290561723141       0.76684023077849095       0.59062312342241097     
 AVE  0.26938165106120449       0.61639411477659789       0.57592173743246766       0.55311349939091103       0.79225270418622218       0.78707520049653801       0.62186850968141749     
 AVE  0.30013781231952558       0.64825550268210907       0.59726344826946631       0.56660335997278655       0.81126948915623043       0.80694472346331492       0.65352894761044023     
 AVE  0.33438394661593701       0.67966069321685318       0.61901261246150507       0.58031564787976320       0.83041014085244880       0.82607942305499638       0.68471324996312455     
 AVE  0.37288366133221090       0.71171524015604903       0.64116497335730105       0.59462876083777427       0.84873675652288083       0.84471901736964405       0.71650570501687327     
 AVE  0.41562966505226873       0.74348060947183237       0.66306524015495716       0.60886500847300973       0.86714567010573629       0.86309265312652894       0.74856770432518294     
 AVE  0.46433907916002803       0.77517387620809186       0.68694650969890669       0.62573129766157842       0.88475383200900481       0.88136161209222630       0.77999042149573961     
 AVE  0.51835170691282806       0.80729817554982009       0.71144050526801472       0.64300073343758490       0.90237322524883423       0.89958154251197819       0.81185396834347645     
 AVE  0.57806588061739517       0.83997943805457220       0.73786963396829564       0.66230628061679042       0.91944934535398781       0.91695774384132056       0.84327077896532199     
 AVE  0.64211124611501114       0.87268187233822725       0.76462678334087153       0.68254765941898643       0.93695922363434048       0.93459688381446016       0.87471577758502683     
 AVE  0.71457735475078332       0.90471733230329421       0.79722121291920311       0.70917864892480120       0.95276702288753168       0.95129598369499346       0.90574232391837106     
 AVE  0.79371619158484819       0.93605294011501117       0.83275250945107959       0.74105326614147549       0.96884233811014475       0.96786467629036232       0.93750061697132370     
 AVE  0.88966877431334757       0.96823151305486466       0.89425212893541661       0.81310713624036224       0.98436218355257254       0.98407303267306823       0.96873804784689488     
 AVE   1.0000000000000000        1.0000000000000000        1.0000000000000000        1.0000000000000000        1.0000000000000000        1.0000000000000000        1.0000000000000000     
 AVE  -2.2856769816964451       -3.5781424203859786       -5.1365920855270435       -4.9637684463483600     
 AVE   0.0000000000000000        0.0000000000000000        0.0000000000000000        0.0000000000000000     
 AVE  0.27821969814018788       0.20340801201080277       0.42821711571907567       0.26519506422962935     
 AVE   0.0000000000000000        0.0000000000000000        0.0000000000000000        0.0000000000000000     
 AVE  -5.1444621356520477       -4.3538724419408412       -5.2548483372653765       -3.5973052793737939     
 AVE   0.0000000000000000        0.0000000000000000        0.0000000000000000        0.0000000000000000     
 AVE  0.30654082887495865       0.26567642831138710       0.31062141689005590       0.25421197266132217     
 AVE   0.0000000000000000        0.0000000000000000        0.0000000000000000        0.0000000000000000     
 AVE  -5.5576554094520949       -3.3537108604761001       -5.0967485304877096       -3.3057346365795746     
 AVE   0.0000000000000000        0.0000000000000000        0.0000000000000000        0.0000000000000000     
 AVE  0.30523662438492111       0.28961774835629761       0.27073388137360355       0.28625082131474711     
 AVE   0.0000000000000000        0.0000000000000000        0.0000000000000000        0.0000000000000000     
 AVE  -4.9543369617918200       -4.4132886578799093       -4.9004334925389843       -5.6498061742259438     
 AVE   0.0000000000000000        0.0000000000000000        0.0000000000000000        0.0000000000000000     
 AVE  0.29076318331065482       0.27360770419272268       0.24553454951596418       0.27947970288996277     
 AVE   0.0000000000000000        0.0000000000000000        0.0000000000000000        0.0000000000000000     
 AVE  -4.0939105051892399       -3.6503259001001709       -6.1853076456179297       -3.2447950625476949     
 AVE   0.0000000000000000        0.0000000000000000        0.0000000000000000        0.0000000000000000     
 AVE  0.29306821413419365       0.24890828188798331       0.24502517510335201       0.34076661855085971     
 AVE   0.0000000000000000        0.0000000000000000        0.0000000000000000        0.0000000000000000     
 AVE  -3.7087750379766895       -3.2331110897206830       -5.3247992687643944       -3.3036593124458173     
 AVE   0.0000000000000000        0.0000000000000000        0.0000000000000000        0.0000000000000000     
 AVE  0.30559240976627017       0.32937082384727917       0.24416339901848400       0.20454652747760732     
 AVE   0.0000000000000000        0.0000000000000000        0.0000000000000000        0.0000000000000000     
 AVE  -6.6781239814313258       -3.8193263706795051       -3.2426154148940136       -1.7809310335494908     
 AVE   0.0000000000000000        0.0000000000000000        0.0000000000000000        0.0000000000000000     
 AVE  0.27478928778279516       0.28072406804146871       0.26459018671521006       0.25201296524789712     
 AVE   0.0000000000000000        0.0000000000000000        0.0000000000000000        0.0000000000000000     
 AVE  -6.0131559338053142       -5.3961492210346202       -1.9455469963415513       -4.8112803376853082     
 AVE   0.0000000000000000        0.0000000000000000        0.0000000000000000        0.0000000000000000     
 AVE  0.28444830498139279       0.26544019036731159       0.28906755464783351       0.25288003397214542     
 AVE   0.0000000000000000        0.0000000000000000        0.0000000000000000        0.0000000000000000     
 SUM   92.156218028775129        92.156218028761913       -5.4375978867371824E-010 -0.43920434368629124        5.6284670243845892E-010   5.1124472133833555E-012   0.0000000000000000        0.0000000000000000        1.4504206745676797E-011   5.1124472133833555E-012  -5.4630262228514533E-010   0.0000000000000000        0.0000000000000000        0.0000000000000000        0.0000000000000000        0.0000000000000000        0.0000000000000000        0.0000000000000000        0.0000000000000000        0.0000000000000000        0.0000000000000000        0.0000000000000000        0.0000000000000000        0.0000000000000000        0.0000000000000000        0.0000000000000000     
 QSM  0.86084459133037461       0.86084459133040081        1.5489300627153071E-010   6.0404317983332657E-002   1.5488860671121152E-010   2.1166748532326361E-012   0.0000000000000000        0.0000000000000000        2.2913147104021212E-011   2.1166748532326361E-012   1.5396259977124623E-010   0.0000000000000000        0.0000000000000000        0.0000000000000000        0.0000000000000000        0.0000000000000000        0.0000000000000000        0.0000000000000000        0.0000000000000000        0.0000000000000000        0.0000000000000000        0.0000000000000000        0.0000000000000000        0.0000000000000000        0.0000000000000000        0.0000000000000000     
 SPE       26244           2        5856
 AVE   5.0000000000000001E-003  -3.4513713171835319     
 AVE   0.0000000000000000        0.0000000000000000        0.0000000000000000        0.0000000000000000        0.0000000000000000        0.0000000000000000        0.0000000000000000     
 AVE   6.1738014341173181E-003   3.0489453792604863E-002   6.9800766178059873E-002  0.18759109551368089       0.14182258235296885       0.14429760657447252        3.1689191747235307E-002
 AVE   1.2571101903834092E-002   6.1740311588168478E-002  0.12233976677232386       0.26081710165420263       0.23104211691592713       0.23575626515710044        6.2065690304934078E-002
 AVE   1.9590074995308883E-002   9.2792991760579174E-002  0.16055370103210503       0.29169196846069706       0.28914922572347090       0.29275822765600618        9.4101198922446228E-002
 AVE   2.7077069604772692E-002  0.12348889588611238       0.19721333197204988       0.31925751238049815       0.34014219515829464       0.34390099748397318       0.12660539091451581     
 AVE   3.5258383277695593E-002  0.15448776843475520       0.22668971848930403       0.33922859532526833       0.38164788464797139       0.38580439301358160       0.15526815091376955     
 AVE   4.4102961041542203E-002  0.18536591068373204       0.25657055820216051       0.35924894552248660       0.42147142152524719       0.42577855634419015       0.18491173132953800     
 AVE   5.3647232223690035E-002  0.21761727842922066       0.28357597417189695       0.37606372471331234       0.45634512424837720       0.46215090822207416       0.21519911344974599     
 AVE   6.3795302515913366E-002  0.24876926750761505       0.31074756335397535       0.39337228678177599       0.48891129835275610       0.49669175324330744       0.24563471385643881     
 AVE   7.4586806137827727E-002  0.27993993236402281       0.33414824655829889       0.40738653771714145       0.51740081795964232       0.52736165477873542       0.27851149437132627     
 AVE   8.6167730095990019E-002  0.31104121957574171       0.35843763185077598       0.42179480023569410       0.54553916439007777       0.55684353552203691       0.31022751745019622     
 AVE   9.8584759569374847E-002  0.34229459654850969       0.38079213131868306       0.43557697744775831       0.57212093947154929       0.58404500775242452       0.34252025427649518     
 AVE  0.11200153428991898       0.37364493969378487       0.40292325102001902       0.44967875564306764       0.59789046359375064       0.61052065565465319       0.37421427708961214     
 AVE  0.12648157068097171       0.40498188429956899       0.42507802437493519       0.46249874544496783       0.62266942794805780       0.63526041618914497       0.40416886029313931     
 AVE  0.14225675182747821       0.43589156325944006       0.44699932814424453       0.47534894930580773       0.64649603014102741       0.65977298986538935       0.43508477639408677     
 AVE  0.15921795394765656       0.46762610061932114       0.46866837273843032       0.48811825169811812       0.66951889963999933       0.68263576847857066       0.46597084702900016     
 AVE  0.17712102273592203       0.49840451683786052       0.49019199243618289       0.50079542361134177       0.69179134245178353       0.70583597697934908       0.49715152977347798     
 AVE  0.19703878010237624       0.52960788441767026       0.51125757255346949       0.51370721810731135       0.71325946807626628       0.72694278837300008       0.52847710477635446     
 AVE  0.21949609467640277       0.56096700100793040       0.53231628104940165       0.52673337083490990       0.73438024836398963       0.74855457831497385       0.55952311300692414     
 AVE  0.24470819521378606       0.59182368706090727       0.55342321086392265       0.53956073315486075       0.75474865476946329       0.76945009305238754       0.59124460934548395     
 AVE  0.27273489999768602       0.62324434256853634       0.57477342643448104       0.55246728620085983       0.77496388147613948       0.79014556998845098       0.62271302852413157     
 AVE  0.30435085633259429       0.65518996472038615       0.59602986307238581       0.56603203865676821       0.79466463603888005       0.80954057717426542       0.65313833337439842     
 AVE  0.33982041517589640       0.68676758149116335       0.61751112002657238       0.57985981597922964       0.81415394169438138       0.82842314513657478       0.68297817575743702     
 AVE  0.37938868251617469       0.71880783122549197       0.63908172075016878       0.59454028222706723       0.83311703530330761       0.84658251209567870       0.71444349856927047     
 AVE  0.42125824934849737       0.75177303580866994       0.65990065271219100       0.60902370912693971       0.85171562884553154       0.86512366166371846       0.74559561582216261     
 AVE  0.46958412436246949       0.78252434862941622       0.68387965058348721       0.62564488543504482       0.86995785007426363       0.88266323810056435       0.77667017082780221     
 AVE  0.52318276929300722       0.81382150102916329       0.70874067393351348       0.64292435447370400       0.88764279007764413       0.90006885823952920       0.80894782486024752     
 AVE  0.58234676582425493       0.84500710794535494       0.73572636339180664       0.66258831690273334       0.90519244189319559       0.91701728315253073       0.84096417909950572     
 AVE  0.64750776108251795       0.87540478234417640       0.76335760371964134       0.68344883294287018       0.92251492805337854       0.93419855509319116       0.87269672286231070     
 AVE  0.71995896743879895       0.90649758225845523       0.79637855241664979       0.71025315358742536       0.94028003394571080       0.95094394781575975       0.90406913818934209     
 AVE  0.79716622330983600       0.93758324344592181       0.83405945295394279       0.74279838157840161       0.95869741371732542       0.96758957258764600       0.93567664130777417     
 AVE  0.89087661160032816       0.96897346222316227       0.89408572416368193       0.81150842210961593       0.97882350846865951       0.98396034638113494       0.96785197844048321     
 AVE   1.0000000000000000        1.0000000000000000        1.0000000000000000        1.0000000000000000        1.0000000000000000        1.0000000000000000        1.0000000000000000     
 AVE  -3.8819607310448858       -4.7811939173220912       -6.0901091625520953       -4.6347096566807942     
 AVE   0.0000000000000000        0.0000000000000000        0.0000000000000000        0.0000000000000000     
 AVE  0.31138870933282858       0.30730417117020747       0.46120633972959824       0.64062808795499138     
 AVE   0.0000000000000000        0.0000000000000000        0.0000000000000000        0.0000000000000000     
 AVE  -6.8651687686453311       -3.8501762347186990       -6.2100871978837207       -4.2844896687978142     
 AVE   0.0000000000000000        0.0000000000000000        0.0000000000000000        0.0000000000000000     
 AVE  0.34026710823843453       0.35584775197202440       0.32144309639540242       0.29580724820105458     
 AVE   0.0000000000000000        0.0000000000000000        0.0000000000000000        0.0000000000000000     
 AVE  -6.6058756392995823       -5.5830198564032285       -6.3550339349875760       -5.1202000861708443     
 AVE   0.0000000000000000        0.0000000000000000        0.0000000000000000        0.0000000000000000     
 AVE  0.30539819187422623       0.28750783906257427       0.28229454291030842       0.29256322843589472     
 AVE   0.0000000000000000        0.0000000000000000        0.0000000000000000        0.0000000000000000     
 AVE  -4.3219452808684169       -5.9939536040922459       -5.0581981346447886       -3.4411369964822809     
 AVE   0.0000000000000000        0.0000000000000000        0.0000000000000000        0.0000000000000000     
 AVE  0.29974450367943167       0.29855076296141508       0.26712264748554471       0.35162733162108240     
 AVE   0.0000000000000000        0.0000000000000000        0.0000000000000000        0.0000000000000000     
 AVE  -5.2761162678934026       -5.8980111226199963       -6.9310946091610788       -6.5786863414635084     
 AVE   0.0000000000000000        0.0000000000000000        0.0000000000000000        0.0000000000000000     
 AVE  0.30895664870499556       0.26760386327334695       0.27434708978205025       0.24707766448867902     
 AVE   0.0000000000000000        0.0000000000000000        0.0000000000000000        0.0000000000000000     
 AVE  -5.1139233300363696       -6.9880950403016797       -5.3415321300504823       -7.5599990769382135     
 AVE   0.0000000000000000        0.0000000000000000        0.0000000000000000        0.0000000000000000     
 AVE  0.27762453649515373       0.25510065269063464       0.24565336689609815       0.28522765905107916     
 AVE   0.0000000000000000        0.0000000000000000        0.0000000000000000        0.0000000000000000     
 AVE  -5.2461903069180016       -4.0113594016366232       -5.2820989498002922       -5.3314344180782518     
 AVE   0.0000000000000000        0.0000000000000000        0.0000000000000000        0.0000000000000000     
 AVE  0.27521604822828760       0.31982557902667474       0.26760072102379268       0.23533037147330357     
 AVE   0.0000000000000000        0.0000000000000000        0.0000000000000000        0.0000000000000000     
 AVE  -6.2220735776245633       -4.1412038970322378       -3.3621771243913661       -2.8539478258063440     
 AVE   0.0000000000000000        0.0000000000000000        0.0000000000000000        0.0000000000000000     
 AVE  0.22907161989820440       0.25958035998060253       0.34363781792417125       0.31140816463133192     
 AVE   0.0000000000000000        0.0000000000000000        0.0000000000000000        0.0000000000000000     
 SUM   91.949449457339185        91.949449457330232       -5.6697071486054070E-010 -0.41488223931055235        6.4961098846516085E-010   2.8608783835754510E-012   0.0000000000000000        0.0000000000000000        1.9467898944727026E-011   2.8608783835754510E-012  -6.0338403254094199E-010   0.0000000000000000        0.0000000000000000        0.0000000000000000        0.0000000000000000        0.0000000000000000        0.0000000000000000        0.0000000000000000        0.0000000000000000        0.0000000000000000        0.0000000000000000        0.0000000000000000        0.0000000000000000        0.0000000000000000        0.0000000000000000        0.0000000000000000     
 QSM  0.89569104523051213       0.89569104523053122        4.1940268004432375E-011   6.0513699857404249E-002   4.1939385976886551E-011   5.2351854758905149E-013   0.0000000000000000        0.0000000000000000        3.7719772475989963E-012   5.2351854758905149E-013   4.1403978124217043E-011   0.0000000000000000        0.0000000000000000        0.0000000000000000        0.0000000000000000        0.0000000000000000        0.0000000000000000        0.0000000000000000        0.0000000000000000        0.0000000000000000        0.0000000000000000        0.0000000000000000        0.0000000000000000        0.0000000000000000        0.0000000000000000        0.0000000000000000     
 SPE       26244           2        5888
 AVE   5.0000000000000001E-003  -3.9158119897095025     
 AVE   0.0000000000000000        0.0000000000000000        0.0000000000000000        0.0000000000000000        0.0000000000000000        0.0000000000000000        0.0000000000000000     
 AVE   6.0206629310871392E-003   3.1093014019012825E-002   7.2436556476207947E-002  0.18934207756766966       0.14258661883251880       0.14835009688342540        3.1273691932410197E-002
 AVE   1.2214867051829885E-002   6.2869741440169630E-002  0.12644125394589517       0.25994183171988822       0.23284568475114473       0.23943730648696429        6.3613458501999606E-002
 AVE   1.9007748125897429E-002   9.4644246199932697E-002  0.16450397783283283       0.29263867240863634       0.29170133899500172       0.29738152071735047        9.3604948923114259E-002
 AVE   2.6216555080534078E-002  0.12624013043250379       0.20041416610349386       0.31892613800732289       0.34200503731783805       0.34733604057331130       0.12355393552914735     
 AVE   3.4136619811889105E-002  0.15759451720101586       0.22966882943495034       0.33895390736315473       0.38417963478171319       0.38824139239709610       0.15599985123024010     
 AVE   4.2726952128558024E-002  0.18927260478761615       0.25930143389816451       0.35826298964380143       0.42334948433516412       0.42737026965472830       0.18766763935140185     
 AVE   5.1834721396507133E-002  0.22099836411316573       0.28567900571758015       0.37584133849644347       0.45965843479711155       0.46319915288014796       0.21839417601866823     
 AVE   6.1474238993031907E-002  0.25380746170613805       0.31294444997621867       0.39227943028577456       0.49350928679092559       0.49714945282417600       0.25025659798462307     
 AVE   7.1856071081040154E-002  0.28497974785092411       0.33648498955188355       0.40692028441865263       0.52475417258273460       0.52759534100315864       0.28237705427876858     
 AVE   8.3359344971637370E-002  0.31604890354613352       0.36045656657362973       0.42151385969500282       0.55359561084735565       0.55746525320071549       0.31451666648076609     
 AVE   9.5621581948246784E-002  0.34752303226205861       0.38334186220864380       0.43525587638731045       0.58077778850090189       0.58428637426689578       0.34492877817598749     
 AVE  0.10901836462849510       0.37881695037760615       0.40643711447611808       0.44872210525967604       0.60683210840489410       0.61038486146908100       0.37533064276493006     
 AVE  0.12347354916277201       0.40917829105205833       0.42846295349134433       0.46158519015021543       0.63221668784610430       0.63444048717359713       0.40631749925524957     
 AVE  0.13926183738089931       0.43893147334837085       0.45022171626271779       0.47440945745393809       0.65663694827633823       0.65850208758660422       0.43754638458357292     
 AVE  0.15627490884943462       0.47031550201914968       0.47158599043651156       0.48706123594390860       0.68015700213416330       0.68203296338894936       0.46784426609465452     
 AVE  0.17494409262794494       0.50155596245794898       0.49292607690868989       0.50010663565054669       0.70282316316439819       0.70493164128088481       0.49911645580850378     
 AVE  0.19532965810548625       0.53308724293477361       0.51408588741313699       0.51266661201583175       0.72486777493040455       0.72611471921932258       0.52858231800891109     
 AVE  0.21772391224545473       0.56404901888660119       0.53535326694255325       0.52545471051274051       0.74647445423216707       0.74729011604795825       0.55857901895858042     
 AVE  0.24213197753010179       0.59604016099586621       0.55677778813687917       0.53856084339837595       0.76738614429844443       0.76777246653252962       0.59015477748294543     
 AVE  0.26927673620658449       0.62722315849139099       0.57853152758798032       0.55143434590310514       0.78763004446933682       0.78785602083762052       0.62118236591285858     
 AVE  0.29959698590511324       0.65923915106439468       0.60036309300279134       0.56509453315187519       0.80707955214487570       0.80749087237551442       0.65150738687273124     
 AVE  0.33362737762594763       0.69145195504752888       0.62240781047758742       0.57870590838737457       0.82635036626637959       0.82666853089694703       0.68227703022942399     
 AVE  0.37151967431272798       0.72298201385179584       0.64469865433809315       0.59375252137734413       0.84522628421996659       0.84506031972244300       0.71344443575026684     
 AVE  0.41471789597163705       0.75541952354820374       0.66699022497312122       0.60742358521588813       0.86395235724601405       0.86334221255108468       0.74480057160722712     
 AVE  0.46321846747613821       0.78623554044138688       0.69074435110053056       0.62510359372970747       0.88207419047010627       0.88137380514858621       0.77674344012279006     
 AVE  0.51805105915764971       0.81670638694902586       0.71548007609573405       0.64231651025792769       0.89997010893325735       0.89933661727275716       0.80789963655225083     
 AVE  0.57734123093827661       0.84736607862820290       0.74206854968298042       0.66252704337165003       0.91742592801426093       0.91694489401820067       0.83941921959529153     
 AVE  0.64070910265703584       0.87837613390467251       0.77022449792119208       0.68274931672537809       0.93476504199872701       0.93439610780358839       0.87069157531796060     
 AVE  0.71231054388105031       0.90845378419026068       0.80235821224860260       0.71001868298246762       0.95149923550825799       0.95117359969616544       0.90246265630271227     
 AVE  0.79181711674015809       0.93873907471103846       0.83970567651858052       0.74309141725348038       0.96822435598336321       0.96773657144029512       0.93452735883824201     
 AVE  0.88607292974859586       0.96919483204034951       0.89687967272906488       0.81348271826176344       0.98420807761678819       0.98393482444569735       0.96679563565398996     
 AVE   1.0000000000000000        1.0000000000000000        1.0000000000000000        1.0000000000000000        1.0000000000000000        1.0000000000000000        1.0000000000000000     
 AVE  -3.7413195079046289       -4.2940832015068935       -6.2003034558913317       -2.5321264732338626     
 AVE   0.0000000000000000        0.0000000000000000        0.0000000000000000        0.0000000000000000     
 AVE  0.27556576898239354       0.29963756426158034       0.37426768653748371       0.28969319087228751     
 AVE   0.0000000000000000        0.0000000000000000        0.0000000000000000        0.0000000000000000     
 AVE  -5.8421101594767118       -7.2657938260903236       -5.9749246661643864       -6.2801785895652102     
 AVE   0.0000000000000000        0.0000000000000000        0.0000000000000000        0.0000000000000000     
 AVE  0.29949539116030960       0.28430828626405608       0.32138521461273867       0.29088218422867190     
 AVE   0.0000000000000000        0.0000000000000000        0.0000000000000000        0.0000000000000000     
 AVE  -5.5614828588873193       -5.1312200756473745       -5.5739908654758130       -5.6127757354840453     
 AVE   0.0000000000000000        0.0000000000000000        0.0000000000000000        0.0000000000000000     
 AVE  0.31148027428973118       0.31308551062673284       0.28201625518349399       0.27638702932568854     
 AVE   0.0000000000000000        0.0000000000000000        0.0000000000000000        0.0000000000000000     
 AVE  -3.9643892668937135       -5.0133955731754156       -7.6691259225301680       -4.2971788315621220     
 AVE   0.0000000000000000        0.0000000000000000        0.0000000000000000        0.0000000000000000     
 AVE  0.28800781815215709       0.28056292833029839       0.29919107042585164       0.24804946916973744     
 AVE   0.0000000000000000        0.0000000000000000        0.0000000000000000        0.0000000000000000     
 AVE  -6.7205323474472838       -4.3621437860299928       -6.2608827255435138       -4.4507477097126111     
 AVE   0.0000000000000000        0.0000000000000000        0.0000000000000000        0.0000000000000000     
 AVE  0.30176897064698227       0.28459623903235093       0.25520547348110456       0.28183769572882150     
 AVE   0.0000000000000000        0.0000000000000000        0.0000000000000000        0.0000000000000000     
 AVE  -4.8541977909747978       -4.9564058495569956       -4.5856229371031878       -4.5454357852795031     
 AVE   0.0000000000000000        0.0000000000000000        0.0000000000000000        0.0000000000000000     
 AVE  0.28357050903329972       0.31329093503808170       0.26734103480896870       0.29978630136415862     
 AVE   0.0000000000000000        0.0000000000000000        0.0000000000000000        0.0000000000000000     
 AVE  -4.2210619502876598       -3.7635174024836147       -4.3863524586192613       -4.5220726114705521     
 AVE   0.0000000000000000        0.0000000000000000        0.0000000000000000        0.0000000000000000     
 AVE  0.29232362855372790       0.29309082946408932       0.26208501991808258       0.31876067861556695     
 AVE   0.0000000000000000        0.0000000000000000        0.0000000000000000        0.0000000000000000     
 AVE  -4.1425747108034621       -6.4266833676491384       -4.3462825422775397       -1.7964983852024294     
 AVE   0.0000000000000000        0.0000000000000000        0.0000000000000000        0.0000000000000000     
 AVE  0.29257488777813023       0.24796921288889362       0.31854331082689763       0.25203590132959652     
 AVE   0.0000000000000000        0.0000000000000000        0.0000000000000000        0.0000000000000000     
 SUM   91.778659387131810        91.778659387125245       -5.9794327433011452E-010 -0.44083600614841373        6.0587471874565188E-010   3.1876477345270147E-012   0.0000000000000000        0.0000000000000000        1.7327429504163778E-011   3.1876477345270147E-012  -6.0408977590700360E-010   0.0000000000000000        0.0000000000000000        0.0000000000000000        0.0000000000000000        0.0000000000000000        0.0000000000000000        0.0000000000000000        0.0000000000000000        0.0000000000000000        0.0000000000000000        0.0000000000000000        0.0000000000000000        0.0000000000000000        0.0000000000000000        0.0000000000000000     
 QSM  0.85533677907429373       0.85533677907430850        6.1560075254401675E-011   5.8476501988114458E-002   6.1559588836356152E-011   5.0976869773865473E-013   0.0000000000000000        0.0000000000000000        2.6216110449199841E-012   5.0976869773865473E-013   6.1739426986356015E-011   0.0000000000000000        0.0000000000000000        0.0000000000000000        0.0000000000000000        0.0000000000000000        0.0000000000000000        0.0000000000000000        0.0000000000000000        0.0000000000000000        0.0000000000000000        0.0000000000000000        0.0000000000000000        0.0000000000000000        0.0000000000000000        0.0000000000000000     
 SPE       26244           2        5902
 AVE   5.0000000000000001E-003  -4.3493309617298284     
